2400, Galaxy J100, 7900 XPF, http://localhost/atom-wp/wp-content/uploads/2019/12/digitizer-phone.png, Vitre, "<p>La vitre de votre appareil est un des éléments les plus fragiles. En faisant subir à votre appareil plusieurs chocs ou en l'exposant trop longtemps au soleil, vous pouvez entrainer des répercussions sur l'afficheur. Nous changeons la vitre tactile en la remplaçant par une neuve (de marque constructeur ou performance équivalente).</p><h4>Les symptômes de votre Galaxy J100</h4><ul><li>Votre vitre tactile ne répond plus ou manque de réactivité</li><li>Certaines zones de votre écran ne sont plus tactiles</li><li>Votre vitre tactile est rayée ou fissurée.</li></ul>" 
2401, Xcover 4, 8 900 XPF, http://localhost/atom-wp/wp-content/uploads/2019/12/digitizer.png, Vitre, "<p>La vitre de votre appareil est un des éléments les plus fragiles. En faisant subir à votre appareil plusieurs chocs ou en l'exposant trop longtemps au soleil, vous pouvez entrainer des répercussions sur l'afficheur. Nous changeons la vitre tactile en la remplaçant par une neuve (de marque constructeur ou performance équivalente).</p><h4>Les symptômes de votre Xcover 4</h4><ul><li>Votre vitre tactile ne répond plus ou manque de réactivité</li><li>Certaines zones de votre écran ne sont plus tactiles</li><li>Votre vitre tactile est rayée ou fissurée.</li></ul>" 
2402, Galaxy core Prime, 7900 XPF, http://localhost/atom-wp/wp-content/uploads/2019/12/digitizer-phone.png, Vitre, "<p>La vitre de votre appareil est un des éléments les plus fragiles. En faisant subir à votre appareil plusieurs chocs ou en l'exposant trop longtemps au soleil, vous pouvez entrainer des répercussions sur l'afficheur. Nous changeons la vitre tactile en la remplaçant par une neuve (de marque constructeur ou performance équivalente).</p><h4>Les symptômes de votre Galaxy core Prime</h4><ul><li>Votre vitre tactile ne répond plus ou manque de réactivité</li><li>Certaines zones de votre écran ne sont plus tactiles</li><li>Votre vitre tactile est rayée ou fissurée.</li></ul>" 
2403, Galaxy J7 Pro, 14500 XPF, http://localhost/atom-wp/wp-content/uploads/2019/12/display-bis.png, Ecran, "<p>Si vous avez besoin de changer votre écran, vous êtes au bon endroit ! En cas d'écran cassé, d'écran rayé, d'écran qui reste noir alors que le téléphone réagit et est allumé ou à cause d'un simple problème tactile, il vaut mieux réparer son appareil plutôt que de le jeter .</p><h4>Les symptômes de votre Galaxy J7 Pro</h4><ul><li>L'écran de votre appareil ne s'allume plus</li><li>L'écran de votre appareil est totalement blanc</li><li>Des tâches noires sont apparues sur l'écran de votre appareil</li><li>Des lignes multicolores couvrent une partie de l'écran de votre appareil</li><li>La vitre tactile de votre appareil ne répond plus</li><li>Certaines zones de votre écran appareil ne sont plus tactiles</li><li>Votre vitre tactile est rayée ou cassée ?</li></ul>" 
2404, Galaxy Ace 4, 4500 XPF, http://localhost/atom-wp/wp-content/uploads/2019/12/battery.png, Batterie, "<p>Vous rêvez de sortir sans devoir emmener votre chargeur par crainte que votre appareil ne tienne pas la journée ? Si l'autonomie est devenue si catastrophique, que la batterie de votre appareil ne charge plus du tout ou qu'elle est gonflée, alors vous avez raison de vouloir passer à l'action.</p><h4>Les symptômes de votre Galaxy Ace 4</h4><ul><li>La batterie de votre appareil ne tient pas la charge</li><li>Le chargement de la batterie de votre appareil est très lent</li><li>La batterie de votre appareil doit rester branchée</li><li>La batterie de votre appareil ne charge plus ou ne s'allume plus</li><li>La batterie de votre appareil est gonflée</li><li>Votre appareil s’éteint sans raison</li><li>Votre appareil a été exposé à une température extrême</li><li>La batterie est HS</li></ul>" 
2405, Galaxy A3 (2016), 16 900 XPF, http://localhost/atom-wp/wp-content/uploads/2019/12/display-bis.png, Ecran, "<p>Si vous avez besoin de changer votre écran, vous êtes au bon endroit ! En cas d'écran cassé, d'écran rayé, d'écran qui reste noir alors que le téléphone réagit et est allumé ou à cause d'un simple problème tactile, il vaut mieux réparer son appareil plutôt que de le jeter .</p><h4>Les symptômes de votre Galaxy A3 (2016)</h4><ul><li>L'écran de votre appareil ne s'allume plus</li><li>L'écran de votre appareil est totalement blanc</li><li>Des tâches noires sont apparues sur l'écran de votre appareil</li><li>Des lignes multicolores couvrent une partie de l'écran de votre appareil</li><li>La vitre tactile de votre appareil ne répond plus</li><li>Certaines zones de votre écran appareil ne sont plus tactiles</li><li>Votre vitre tactile est rayée ou cassée ?</li></ul>" 
2406, Galaxy Mega 6.3", 14900 XPF, http://localhost/atom-wp/wp-content/uploads/2019/12/display.png, Ecran, "<p>Si vous avez besoin de changer votre écran, vous êtes au bon endroit ! En cas d'écran cassé, d'écran rayé, d'écran qui reste noir alors que le téléphone réagit et est allumé ou à cause d'un simple problème tactile, il vaut mieux réparer son appareil plutôt que de le jeter .</p><h4>Les symptômes de votre Galaxy Mega 6.3"</h4><ul><li>L'écran de votre appareil ne s'allume plus</li><li>L'écran de votre appareil est totalement blanc</li><li>Des tâches noires sont apparues sur l'écran de votre appareil</li><li>Des lignes multicolores couvrent une partie de l'écran de votre appareil</li><li>La vitre tactile de votre appareil ne répond plus</li><li>Certaines zones de votre écran appareil ne sont plus tactiles</li><li>Votre vitre tactile est rayée ou cassée ?</li></ul>" 
2407, Galaxy J810, 18900 XPF, http://localhost/atom-wp/wp-content/uploads/2019/12/display.png, Ecran, "<p>Si vous avez besoin de changer votre écran, vous êtes au bon endroit ! En cas d'écran cassé, d'écran rayé, d'écran qui reste noir alors que le téléphone réagit et est allumé ou à cause d'un simple problème tactile, il vaut mieux réparer son appareil plutôt que de le jeter .</p><h4>Les symptômes de votre Galaxy J810</h4><ul><li>L'écran de votre appareil ne s'allume plus</li><li>L'écran de votre appareil est totalement blanc</li><li>Des tâches noires sont apparues sur l'écran de votre appareil</li><li>Des lignes multicolores couvrent une partie de l'écran de votre appareil</li><li>La vitre tactile de votre appareil ne répond plus</li><li>Certaines zones de votre écran appareil ne sont plus tactiles</li><li>Votre vitre tactile est rayée ou cassée ?</li></ul>" 
2408, Galaxy Note 8, 39900 XPF, http://localhost/atom-wp/wp-content/uploads/2019/12/display-bis.png, Ecran, "<p>Si vous avez besoin de changer votre écran, vous êtes au bon endroit ! En cas d'écran cassé, d'écran rayé, d'écran qui reste noir alors que le téléphone réagit et est allumé ou à cause d'un simple problème tactile, il vaut mieux réparer son appareil plutôt que de le jeter .</p><h4>Les symptômes de votre Galaxy Note 8</h4><ul><li>L'écran de votre appareil ne s'allume plus</li><li>L'écran de votre appareil est totalement blanc</li><li>Des tâches noires sont apparues sur l'écran de votre appareil</li><li>Des lignes multicolores couvrent une partie de l'écran de votre appareil</li><li>La vitre tactile de votre appareil ne répond plus</li><li>Certaines zones de votre écran appareil ne sont plus tactiles</li><li>Votre vitre tactile est rayée ou cassée ?</li></ul>" 
2409, Galaxy J5 Pro, 13500 XPF, http://localhost/atom-wp/wp-content/uploads/2019/12/display-bis.png, Ecran, "<p>Si vous avez besoin de changer votre écran, vous êtes au bon endroit ! En cas d'écran cassé, d'écran rayé, d'écran qui reste noir alors que le téléphone réagit et est allumé ou à cause d'un simple problème tactile, il vaut mieux réparer son appareil plutôt que de le jeter .</p><h4>Les symptômes de votre Galaxy J5 Pro</h4><ul><li>L'écran de votre appareil ne s'allume plus</li><li>L'écran de votre appareil est totalement blanc</li><li>Des tâches noires sont apparues sur l'écran de votre appareil</li><li>Des lignes multicolores couvrent une partie de l'écran de votre appareil</li><li>La vitre tactile de votre appareil ne répond plus</li><li>Certaines zones de votre écran appareil ne sont plus tactiles</li><li>Votre vitre tactile est rayée ou cassée ?</li></ul>" 
2410, Galaxy S10 Plus, 52900 XPF, http://localhost/atom-wp/wp-content/uploads/2019/12/display.png, Ecran, "<p>Si vous avez besoin de changer votre écran, vous êtes au bon endroit ! En cas d'écran cassé, d'écran rayé, d'écran qui reste noir alors que le téléphone réagit et est allumé ou à cause d'un simple problème tactile, il vaut mieux réparer son appareil plutôt que de le jeter .</p><h4>Les symptômes de votre Galaxy S10 Plus</h4><ul><li>L'écran de votre appareil ne s'allume plus</li><li>L'écran de votre appareil est totalement blanc</li><li>Des tâches noires sont apparues sur l'écran de votre appareil</li><li>Des lignes multicolores couvrent une partie de l'écran de votre appareil</li><li>La vitre tactile de votre appareil ne répond plus</li><li>Certaines zones de votre écran appareil ne sont plus tactiles</li><li>Votre vitre tactile est rayée ou cassée ?</li></ul>" 
2411, Galaxy Note 1, 3900 XPF, http://localhost/atom-wp/wp-content/uploads/2019/12/battery.png, Batterie, "<p>Vous rêvez de sortir sans devoir emmener votre chargeur par crainte que votre appareil ne tienne pas la journée ? Si l'autonomie est devenue si catastrophique, que la batterie de votre appareil ne charge plus du tout ou qu'elle est gonflée, alors vous avez raison de vouloir passer à l'action.</p><h4>Les symptômes de votre Galaxy Note 1</h4><ul><li>La batterie de votre appareil ne tient pas la charge</li><li>Le chargement de la batterie de votre appareil est très lent</li><li>La batterie de votre appareil doit rester branchée</li><li>La batterie de votre appareil ne charge plus ou ne s'allume plus</li><li>La batterie de votre appareil est gonflée</li><li>Votre appareil s’éteint sans raison</li><li>Votre appareil a été exposé à une température extrême</li><li>La batterie est HS</li></ul>" 
2412, Xcover 2, 7900 XPF, http://localhost/atom-wp/wp-content/uploads/2019/12/digitizer.png, Vitre, "<p>La vitre de votre appareil est un des éléments les plus fragiles. En faisant subir à votre appareil plusieurs chocs ou en l'exposant trop longtemps au soleil, vous pouvez entrainer des répercussions sur l'afficheur. Nous changeons la vitre tactile en la remplaçant par une neuve (de marque constructeur ou performance équivalente).</p><h4>Les symptômes de votre Xcover 2</h4><ul><li>Votre vitre tactile ne répond plus ou manque de réactivité</li><li>Certaines zones de votre écran ne sont plus tactiles</li><li>Votre vitre tactile est rayée ou fissurée.</li></ul>" 
2413, Xcover 2, 3500 XPF, http://localhost/atom-wp/wp-content/uploads/2019/12/battery.png, Batterie, "<p>Vous rêvez de sortir sans devoir emmener votre chargeur par crainte que votre appareil ne tienne pas la journée ? Si l'autonomie est devenue si catastrophique, que la batterie de votre appareil ne charge plus du tout ou qu'elle est gonflée, alors vous avez raison de vouloir passer à l'action.</p><h4>Les symptômes de votre Xcover 2</h4><ul><li>La batterie de votre appareil ne tient pas la charge</li><li>Le chargement de la batterie de votre appareil est très lent</li><li>La batterie de votre appareil doit rester branchée</li><li>La batterie de votre appareil ne charge plus ou ne s'allume plus</li><li>La batterie de votre appareil est gonflée</li><li>Votre appareil s’éteint sans raison</li><li>Votre appareil a été exposé à une température extrême</li><li>La batterie est HS</li></ul>" 
2414, Galaxy A7 (2016), 4500 XPF, http://localhost/atom-wp/wp-content/uploads/2019/12/battery.png, Batterie, "<p>Vous rêvez de sortir sans devoir emmener votre chargeur par crainte que votre appareil ne tienne pas la journée ? Si l'autonomie est devenue si catastrophique, que la batterie de votre appareil ne charge plus du tout ou qu'elle est gonflée, alors vous avez raison de vouloir passer à l'action.</p><h4>Les symptômes de votre Galaxy A7 (2016)</h4><ul><li>La batterie de votre appareil ne tient pas la charge</li><li>Le chargement de la batterie de votre appareil est très lent</li><li>La batterie de votre appareil doit rester branchée</li><li>La batterie de votre appareil ne charge plus ou ne s'allume plus</li><li>La batterie de votre appareil est gonflée</li><li>Votre appareil s’éteint sans raison</li><li>Votre appareil a été exposé à une température extrême</li><li>La batterie est HS</li></ul>" 
2415, Galaxy A5 2017, 19500 XPF, http://localhost/atom-wp/wp-content/uploads/2019/12/display.png, Ecran, "<p>Si vous avez besoin de changer votre écran, vous êtes au bon endroit ! En cas d'écran cassé, d'écran rayé, d'écran qui reste noir alors que le téléphone réagit et est allumé ou à cause d'un simple problème tactile, il vaut mieux réparer son appareil plutôt que de le jeter .</p><h4>Les symptômes de votre Galaxy A5 2017</h4><ul><li>L'écran de votre appareil ne s'allume plus</li><li>L'écran de votre appareil est totalement blanc</li><li>Des tâches noires sont apparues sur l'écran de votre appareil</li><li>Des lignes multicolores couvrent une partie de l'écran de votre appareil</li><li>La vitre tactile de votre appareil ne répond plus</li><li>Certaines zones de votre écran appareil ne sont plus tactiles</li><li>Votre vitre tactile est rayée ou cassée ?</li></ul>" 
2416, Galaxy A5 2017, 7900 XPF, http://localhost/atom-wp/wp-content/uploads/2019/12/battery.png, Batterie, "<p>Vous rêvez de sortir sans devoir emmener votre chargeur par crainte que votre appareil ne tienne pas la journée ? Si l'autonomie est devenue si catastrophique, que la batterie de votre appareil ne charge plus du tout ou qu'elle est gonflée, alors vous avez raison de vouloir passer à l'action.</p><h4>Les symptômes de votre Galaxy A5 2017</h4><ul><li>La batterie de votre appareil ne tient pas la charge</li><li>Le chargement de la batterie de votre appareil est très lent</li><li>La batterie de votre appareil doit rester branchée</li><li>La batterie de votre appareil ne charge plus ou ne s'allume plus</li><li>La batterie de votre appareil est gonflée</li><li>Votre appareil s’éteint sans raison</li><li>Votre appareil a été exposé à une température extrême</li><li>La batterie est HS</li></ul>" 
2417, Galaxy J6 Plus, 16900 XPF, http://localhost/atom-wp/wp-content/uploads/2019/12/display.png, Ecran, "<p>Si vous avez besoin de changer votre écran, vous êtes au bon endroit ! En cas d'écran cassé, d'écran rayé, d'écran qui reste noir alors que le téléphone réagit et est allumé ou à cause d'un simple problème tactile, il vaut mieux réparer son appareil plutôt que de le jeter .</p><h4>Les symptômes de votre Galaxy J6 Plus</h4><ul><li>L'écran de votre appareil ne s'allume plus</li><li>L'écran de votre appareil est totalement blanc</li><li>Des tâches noires sont apparues sur l'écran de votre appareil</li><li>Des lignes multicolores couvrent une partie de l'écran de votre appareil</li><li>La vitre tactile de votre appareil ne répond plus</li><li>Certaines zones de votre écran appareil ne sont plus tactiles</li><li>Votre vitre tactile est rayée ou cassée ?</li></ul>" 
2418, Galaxy J2 Pro, 14900 XPF, http://localhost/atom-wp/wp-content/uploads/2019/12/display-bis.png, Ecran, "<p>Si vous avez besoin de changer votre écran, vous êtes au bon endroit ! En cas d'écran cassé, d'écran rayé, d'écran qui reste noir alors que le téléphone réagit et est allumé ou à cause d'un simple problème tactile, il vaut mieux réparer son appareil plutôt que de le jeter .</p><h4>Les symptômes de votre Galaxy J2 Pro</h4><ul><li>L'écran de votre appareil ne s'allume plus</li><li>L'écran de votre appareil est totalement blanc</li><li>Des tâches noires sont apparues sur l'écran de votre appareil</li><li>Des lignes multicolores couvrent une partie de l'écran de votre appareil</li><li>La vitre tactile de votre appareil ne répond plus</li><li>Certaines zones de votre écran appareil ne sont plus tactiles</li><li>Votre vitre tactile est rayée ou cassée ?</li></ul>" 
2421, Galaxy A7 2015, 21900 XPF, http://localhost/atom-wp/wp-content/uploads/2019/12/display.png, Ecran, "<p>Si vous avez besoin de changer votre écran, vous êtes au bon endroit ! En cas d'écran cassé, d'écran rayé, d'écran qui reste noir alors que le téléphone réagit et est allumé ou à cause d'un simple problème tactile, il vaut mieux réparer son appareil plutôt que de le jeter .</p><h4>Les symptômes de votre Galaxy A7 2015</h4><ul><li>L'écran de votre appareil ne s'allume plus</li><li>L'écran de votre appareil est totalement blanc</li><li>Des tâches noires sont apparues sur l'écran de votre appareil</li><li>Des lignes multicolores couvrent une partie de l'écran de votre appareil</li><li>La vitre tactile de votre appareil ne répond plus</li><li>Certaines zones de votre écran appareil ne sont plus tactiles</li><li>Votre vitre tactile est rayée ou cassée ?</li></ul>" 
2420, Galaxy S4 Active, 14 900 XPF, http://localhost/atom-wp/wp-content/uploads/2019/12/display.png, Ecran, "<p>Si vous avez besoin de changer votre écran, vous êtes au bon endroit ! En cas d'écran cassé, d'écran rayé, d'écran qui reste noir alors que le téléphone réagit et est allumé ou à cause d'un simple problème tactile, il vaut mieux réparer son appareil plutôt que de le jeter .</p><h4>Les symptômes de votre Galaxy S4 Active</h4><ul><li>L'écran de votre appareil ne s'allume plus</li><li>L'écran de votre appareil est totalement blanc</li><li>Des tâches noires sont apparues sur l'écran de votre appareil</li><li>Des lignes multicolores couvrent une partie de l'écran de votre appareil</li><li>La vitre tactile de votre appareil ne répond plus</li><li>Certaines zones de votre écran appareil ne sont plus tactiles</li><li>Votre vitre tactile est rayée ou cassée ?</li></ul>" 
2423, Galaxy J5 Prime, 6900 XPF, http://localhost/atom-wp/wp-content/uploads/2019/12/photo-camera.png, Caméra avant, "<p>Vous ne pouvez plus prendre de selfies avec votre appareil. Ou l'écran ne se verrouille plus automatiquement lors des appels, déclenchant des applications non désirées à tout instant</p><h4>Les symptômes de votre Galaxy J5 Prime</h4><ul><li>Des tâches apparaissent sur les photos prisent avec votre appareil</li><li>Vos photos sont noires</li><li>Vos photos sont floues</li><li>Vous n'arrivez plus à prendre de photos sur votre appareil</li><li>Vous ne pouvez pas démarrer l'application appareil photo</li></ul>" 
2419, Galaxy S10, 44900 XPF, http://localhost/atom-wp/wp-content/uploads/2019/12/display.png, Ecran, "<p>Si vous avez besoin de changer votre écran, vous êtes au bon endroit ! En cas d'écran cassé, d'écran rayé, d'écran qui reste noir alors que le téléphone réagit et est allumé ou à cause d'un simple problème tactile, il vaut mieux réparer son appareil plutôt que de le jeter .</p><h4>Les symptômes de votre Galaxy S10</h4><ul><li>L'écran de votre appareil ne s'allume plus</li><li>L'écran de votre appareil est totalement blanc</li><li>Des tâches noires sont apparues sur l'écran de votre appareil</li><li>Des lignes multicolores couvrent une partie de l'écran de votre appareil</li><li>La vitre tactile de votre appareil ne répond plus</li><li>Certaines zones de votre écran appareil ne sont plus tactiles</li><li>Votre vitre tactile est rayée ou cassée ?</li></ul>" 
2424, Galaxy J5 Prime, 14900 XPF, http://localhost/atom-wp/wp-content/uploads/2019/12/display.png, Ecran, "<p>Si vous avez besoin de changer votre écran, vous êtes au bon endroit ! En cas d'écran cassé, d'écran rayé, d'écran qui reste noir alors que le téléphone réagit et est allumé ou à cause d'un simple problème tactile, il vaut mieux réparer son appareil plutôt que de le jeter .</p><h4>Les symptômes de votre Galaxy J5 Prime</h4><ul><li>L'écran de votre appareil ne s'allume plus</li><li>L'écran de votre appareil est totalement blanc</li><li>Des tâches noires sont apparues sur l'écran de votre appareil</li><li>Des lignes multicolores couvrent une partie de l'écran de votre appareil</li><li>La vitre tactile de votre appareil ne répond plus</li><li>Certaines zones de votre écran appareil ne sont plus tactiles</li><li>Votre vitre tactile est rayée ou cassée ?</li></ul>" 
2422, Galaxy A7 2015, 6900 XPF, http://localhost/atom-wp/wp-content/uploads/2019/12/battery.png, Batterie, "<p>Vous rêvez de sortir sans devoir emmener votre chargeur par crainte que votre appareil ne tienne pas la journée ? Si l'autonomie est devenue si catastrophique, que la batterie de votre appareil ne charge plus du tout ou qu'elle est gonflée, alors vous avez raison de vouloir passer à l'action.</p><h4>Les symptômes de votre Galaxy A7 2015</h4><ul><li>La batterie de votre appareil ne tient pas la charge</li><li>Le chargement de la batterie de votre appareil est très lent</li><li>La batterie de votre appareil doit rester branchée</li><li>La batterie de votre appareil ne charge plus ou ne s'allume plus</li><li>La batterie de votre appareil est gonflée</li><li>Votre appareil s’éteint sans raison</li><li>Votre appareil a été exposé à une température extrême</li><li>La batterie est HS</li></ul>" 
2425, Galaxy S10e, 44900 XPF, http://localhost/atom-wp/wp-content/uploads/2019/12/display.png, Ecran, "<p>Si vous avez besoin de changer votre écran, vous êtes au bon endroit ! En cas d'écran cassé, d'écran rayé, d'écran qui reste noir alors que le téléphone réagit et est allumé ou à cause d'un simple problème tactile, il vaut mieux réparer son appareil plutôt que de le jeter .</p><h4>Les symptômes de votre Galaxy S10e</h4><ul><li>L'écran de votre appareil ne s'allume plus</li><li>L'écran de votre appareil est totalement blanc</li><li>Des tâches noires sont apparues sur l'écran de votre appareil</li><li>Des lignes multicolores couvrent une partie de l'écran de votre appareil</li><li>La vitre tactile de votre appareil ne répond plus</li><li>Certaines zones de votre écran appareil ne sont plus tactiles</li><li>Votre vitre tactile est rayée ou cassée ?</li></ul>" 
2426, Galaxy J110, 12900 XPF, http://localhost/atom-wp/wp-content/uploads/2019/12/display.png, Ecran, "<p>Si vous avez besoin de changer votre écran, vous êtes au bon endroit ! En cas d'écran cassé, d'écran rayé, d'écran qui reste noir alors que le téléphone réagit et est allumé ou à cause d'un simple problème tactile, il vaut mieux réparer son appareil plutôt que de le jeter .</p><h4>Les symptômes de votre Galaxy J110</h4><ul><li>L'écran de votre appareil ne s'allume plus</li><li>L'écran de votre appareil est totalement blanc</li><li>Des tâches noires sont apparues sur l'écran de votre appareil</li><li>Des lignes multicolores couvrent une partie de l'écran de votre appareil</li><li>La vitre tactile de votre appareil ne répond plus</li><li>Certaines zones de votre écran appareil ne sont plus tactiles</li><li>Votre vitre tactile est rayée ou cassée ?</li></ul>" 
2427, Galaxy J5 (2015), 14900 XPF, http://localhost/atom-wp/wp-content/uploads/2019/12/display.png, Ecran, "<p>Si vous avez besoin de changer votre écran, vous êtes au bon endroit ! En cas d'écran cassé, d'écran rayé, d'écran qui reste noir alors que le téléphone réagit et est allumé ou à cause d'un simple problème tactile, il vaut mieux réparer son appareil plutôt que de le jeter .</p><h4>Les symptômes de votre Galaxy J5 (2015)</h4><ul><li>L'écran de votre appareil ne s'allume plus</li><li>L'écran de votre appareil est totalement blanc</li><li>Des tâches noires sont apparues sur l'écran de votre appareil</li><li>Des lignes multicolores couvrent une partie de l'écran de votre appareil</li><li>La vitre tactile de votre appareil ne répond plus</li><li>Certaines zones de votre écran appareil ne sont plus tactiles</li><li>Votre vitre tactile est rayée ou cassée ?</li></ul>" 
2428, Galaxy J111, 11900 XPF, http://localhost/atom-wp/wp-content/uploads/2019/12/display-bis.png, Ecran, "<p>Si vous avez besoin de changer votre écran, vous êtes au bon endroit ! En cas d'écran cassé, d'écran rayé, d'écran qui reste noir alors que le téléphone réagit et est allumé ou à cause d'un simple problème tactile, il vaut mieux réparer son appareil plutôt que de le jeter .</p><h4>Les symptômes de votre Galaxy J111</h4><ul><li>L'écran de votre appareil ne s'allume plus</li><li>L'écran de votre appareil est totalement blanc</li><li>Des tâches noires sont apparues sur l'écran de votre appareil</li><li>Des lignes multicolores couvrent une partie de l'écran de votre appareil</li><li>La vitre tactile de votre appareil ne répond plus</li><li>Certaines zones de votre écran appareil ne sont plus tactiles</li><li>Votre vitre tactile est rayée ou cassée ?</li></ul>" 
2429, Galaxy S4 Active, 14 900 XPF, http://localhost/atom-wp/wp-content/uploads/2019/12/display.png, Ecran, "<p>Si vous avez besoin de changer votre écran, vous êtes au bon endroit ! En cas d'écran cassé, d'écran rayé, d'écran qui reste noir alors que le téléphone réagit et est allumé ou à cause d'un simple problème tactile, il vaut mieux réparer son appareil plutôt que de le jeter .</p><h4>Les symptômes de votre Galaxy S4 Active</h4><ul><li>L'écran de votre appareil ne s'allume plus</li><li>L'écran de votre appareil est totalement blanc</li><li>Des tâches noires sont apparues sur l'écran de votre appareil</li><li>Des lignes multicolores couvrent une partie de l'écran de votre appareil</li><li>La vitre tactile de votre appareil ne répond plus</li><li>Certaines zones de votre écran appareil ne sont plus tactiles</li><li>Votre vitre tactile est rayée ou cassée ?</li></ul>" 
2430, Galaxy Note 9, 44900 XPF, http://localhost/atom-wp/wp-content/uploads/2019/12/display.png, Ecran, "<p>Si vous avez besoin de changer votre écran, vous êtes au bon endroit ! En cas d'écran cassé, d'écran rayé, d'écran qui reste noir alors que le téléphone réagit et est allumé ou à cause d'un simple problème tactile, il vaut mieux réparer son appareil plutôt que de le jeter .</p><h4>Les symptômes de votre Galaxy Note 9</h4><ul><li>L'écran de votre appareil ne s'allume plus</li><li>L'écran de votre appareil est totalement blanc</li><li>Des tâches noires sont apparues sur l'écran de votre appareil</li><li>Des lignes multicolores couvrent une partie de l'écran de votre appareil</li><li>La vitre tactile de votre appareil ne répond plus</li><li>Certaines zones de votre écran appareil ne sont plus tactiles</li><li>Votre vitre tactile est rayée ou cassée ?</li></ul>" 
2431, Galaxy Grand Prime, 9900 XPF, http://localhost/atom-wp/wp-content/uploads/2019/12/display.png, Ecran, "<p>Si vous avez besoin de changer votre écran, vous êtes au bon endroit ! En cas d'écran cassé, d'écran rayé, d'écran qui reste noir alors que le téléphone réagit et est allumé ou à cause d'un simple problème tactile, il vaut mieux réparer son appareil plutôt que de le jeter .</p><h4>Les symptômes de votre Galaxy Grand Prime</h4><ul><li>L'écran de votre appareil ne s'allume plus</li><li>L'écran de votre appareil est totalement blanc</li><li>Des tâches noires sont apparues sur l'écran de votre appareil</li><li>Des lignes multicolores couvrent une partie de l'écran de votre appareil</li><li>La vitre tactile de votre appareil ne répond plus</li><li>Certaines zones de votre écran appareil ne sont plus tactiles</li><li>Votre vitre tactile est rayée ou cassée ?</li></ul>" 
2432, Galaxy Grand Prime, 7900 XPF, http://localhost/atom-wp/wp-content/uploads/2019/12/digitizer.png, Vitre, "<p>La vitre de votre appareil est un des éléments les plus fragiles. En faisant subir à votre appareil plusieurs chocs ou en l'exposant trop longtemps au soleil, vous pouvez entrainer des répercussions sur l'afficheur. Nous changeons la vitre tactile en la remplaçant par une neuve (de marque constructeur ou performance équivalente).</p><h4>Les symptômes de votre Galaxy Grand Prime</h4><ul><li>Votre vitre tactile ne répond plus ou manque de réactivité</li><li>Certaines zones de votre écran ne sont plus tactiles</li><li>Votre vitre tactile est rayée ou fissurée.</li></ul>" 
2433, Galaxy S9, 39900 XPF, http://localhost/atom-wp/wp-content/uploads/2019/12/undefined, Ecran, "<p>Si vous avez besoin de changer votre écran, vous êtes au bon endroit ! En cas d'écran cassé, d'écran rayé, d'écran qui reste noir alors que le téléphone réagit et est allumé ou à cause d'un simple problème tactile, il vaut mieux réparer son appareil plutôt que de le jeter .</p><h4>Les symptômes de votre Galaxy S9</h4><ul><li>L'écran de votre appareil ne s'allume plus</li><li>L'écran de votre appareil est totalement blanc</li><li>Des tâches noires sont apparues sur l'écran de votre appareil</li><li>Des lignes multicolores couvrent une partie de l'écran de votre appareil</li><li>La vitre tactile de votre appareil ne répond plus</li><li>Certaines zones de votre écran appareil ne sont plus tactiles</li><li>Votre vitre tactile est rayée ou cassée ?</li></ul>" 
2434, Galaxy S9, 9900 XPF, http://localhost/atom-wp/wp-content/uploads/2019/12/undefined, Connecteur de charge, "<p>Vous rencontrez des problèmes de charge sur votre Appareil et cela vous exaspère ' Si vous ne pouvez plus transférer vos données sur votre ordinateur car l'Appareil n'est pas reconnu ou qu'il ne prend plus la charge, posant des soucis d'autonomie alors il y a de fortes chances que cela provienne du connecteur de charge.</p><h4>Les symptômes de votre Galaxy S9</h4><ul><li>Votre appareil ne se charge pas alors qu'il est branché</li><li>L'embout du chargeur ne tient pas dans votre appareil</li><li>Votre appareil n'est plus reconnu par votre ordinateur</li><li> La charge est très lente voir statique.</li></ul>" 
2435, Galaxy Mega, 14900 XPF, http://localhost/atom-wp/wp-content/uploads/2019/12/display.png, Ecran, "<p>Si vous avez besoin de changer votre écran, vous êtes au bon endroit ! En cas d'écran cassé, d'écran rayé, d'écran qui reste noir alors que le téléphone réagit et est allumé ou à cause d'un simple problème tactile, il vaut mieux réparer son appareil plutôt que de le jeter .</p><h4>Les symptômes de votre Galaxy Mega</h4><ul><li>L'écran de votre appareil ne s'allume plus</li><li>L'écran de votre appareil est totalement blanc</li><li>Des tâches noires sont apparues sur l'écran de votre appareil</li><li>Des lignes multicolores couvrent une partie de l'écran de votre appareil</li><li>La vitre tactile de votre appareil ne répond plus</li><li>Certaines zones de votre écran appareil ne sont plus tactiles</li><li>Votre vitre tactile est rayée ou cassée ?</li></ul>" 
2436, Galaxy Trend 2 Lite, 7900 XPF, http://localhost/atom-wp/wp-content/uploads/2019/12/undefined, Ecran, "<p>Si vous avez besoin de changer votre écran, vous êtes au bon endroit ! En cas d'écran cassé, d'écran rayé, d'écran qui reste noir alors que le téléphone réagit et est allumé ou à cause d'un simple problème tactile, il vaut mieux réparer son appareil plutôt que de le jeter .</p><h4>Les symptômes de votre Galaxy Trend 2 Lite</h4><ul><li>L'écran de votre appareil ne s'allume plus</li><li>L'écran de votre appareil est totalement blanc</li><li>Des tâches noires sont apparues sur l'écran de votre appareil</li><li>Des lignes multicolores couvrent une partie de l'écran de votre appareil</li><li>La vitre tactile de votre appareil ne répond plus</li><li>Certaines zones de votre écran appareil ne sont plus tactiles</li><li>Votre vitre tactile est rayée ou cassée ?</li></ul>" 
2438, Galaxy S5 Mini, 14900 XPF, http://localhost/atom-wp/wp-content/uploads/2019/12/display.png, Ecran, "<p>Si vous avez besoin de changer votre écran, vous êtes au bon endroit ! En cas d'écran cassé, d'écran rayé, d'écran qui reste noir alors que le téléphone réagit et est allumé ou à cause d'un simple problème tactile, il vaut mieux réparer son appareil plutôt que de le jeter .</p><h4>Les symptômes de votre Galaxy S5 Mini</h4><ul><li>L'écran de votre appareil ne s'allume plus</li><li>L'écran de votre appareil est totalement blanc</li><li>Des tâches noires sont apparues sur l'écran de votre appareil</li><li>Des lignes multicolores couvrent une partie de l'écran de votre appareil</li><li>La vitre tactile de votre appareil ne répond plus</li><li>Certaines zones de votre écran appareil ne sont plus tactiles</li><li>Votre vitre tactile est rayée ou cassée ?</li></ul>" 
2439, Galaxy S9 Plus, 43900 XPF, http://localhost/atom-wp/wp-content/uploads/2019/12/undefined, Ecran, "<p>Si vous avez besoin de changer votre écran, vous êtes au bon endroit ! En cas d'écran cassé, d'écran rayé, d'écran qui reste noir alors que le téléphone réagit et est allumé ou à cause d'un simple problème tactile, il vaut mieux réparer son appareil plutôt que de le jeter .</p><h4>Les symptômes de votre Galaxy S9 Plus</h4><ul><li>L'écran de votre appareil ne s'allume plus</li><li>L'écran de votre appareil est totalement blanc</li><li>Des tâches noires sont apparues sur l'écran de votre appareil</li><li>Des lignes multicolores couvrent une partie de l'écran de votre appareil</li><li>La vitre tactile de votre appareil ne répond plus</li><li>Certaines zones de votre écran appareil ne sont plus tactiles</li><li>Votre vitre tactile est rayée ou cassée ?</li></ul>" 
2440, Galaxy S9 Plus, 9900 XPF, http://localhost/atom-wp/wp-content/uploads/2019/12/undefined, Connecteur de charge, "<p>Vous rencontrez des problèmes de charge sur votre Appareil et cela vous exaspère ' Si vous ne pouvez plus transférer vos données sur votre ordinateur car l'Appareil n'est pas reconnu ou qu'il ne prend plus la charge, posant des soucis d'autonomie alors il y a de fortes chances que cela provienne du connecteur de charge.</p><h4>Les symptômes de votre Galaxy S9 Plus</h4><ul><li>Votre appareil ne se charge pas alors qu'il est branché</li><li>L'embout du chargeur ne tient pas dans votre appareil</li><li>Votre appareil n'est plus reconnu par votre ordinateur</li><li> La charge est très lente voir statique.</li></ul>" 
2437, Galaxy S5 Mini, 4500 XPF, http://localhost/atom-wp/wp-content/uploads/2019/12/battery.png, Batterie, "<p>Vous rêvez de sortir sans devoir emmener votre chargeur par crainte que votre appareil ne tienne pas la journée ? Si l'autonomie est devenue si catastrophique, que la batterie de votre appareil ne charge plus du tout ou qu'elle est gonflée, alors vous avez raison de vouloir passer à l'action.</p><h4>Les symptômes de votre Galaxy S5 Mini</h4><ul><li>La batterie de votre appareil ne tient pas la charge</li><li>Le chargement de la batterie de votre appareil est très lent</li><li>La batterie de votre appareil doit rester branchée</li><li>La batterie de votre appareil ne charge plus ou ne s'allume plus</li><li>La batterie de votre appareil est gonflée</li><li>Votre appareil s’éteint sans raison</li><li>Votre appareil a été exposé à une température extrême</li><li>La batterie est HS</li></ul>" 
2441, Galaxy J3 Pro, 14990 XPF, http://localhost/atom-wp/wp-content/uploads/2019/12/display-bis.png, Ecran, "<p>Si vous avez besoin de changer votre écran, vous êtes au bon endroit ! En cas d'écran cassé, d'écran rayé, d'écran qui reste noir alors que le téléphone réagit et est allumé ou à cause d'un simple problème tactile, il vaut mieux réparer son appareil plutôt que de le jeter .</p><h4>Les symptômes de votre Galaxy J3 Pro</h4><ul><li>L'écran de votre appareil ne s'allume plus</li><li>L'écran de votre appareil est totalement blanc</li><li>Des tâches noires sont apparues sur l'écran de votre appareil</li><li>Des lignes multicolores couvrent une partie de l'écran de votre appareil</li><li>La vitre tactile de votre appareil ne répond plus</li><li>Certaines zones de votre écran appareil ne sont plus tactiles</li><li>Votre vitre tactile est rayée ou cassée ?</li></ul>" 
2442, Galaxy J701, 16900 XPF, http://localhost/atom-wp/wp-content/uploads/2019/12/display-bis.png, Ecran, "<p>Si vous avez besoin de changer votre écran, vous êtes au bon endroit ! En cas d'écran cassé, d'écran rayé, d'écran qui reste noir alors que le téléphone réagit et est allumé ou à cause d'un simple problème tactile, il vaut mieux réparer son appareil plutôt que de le jeter .</p><h4>Les symptômes de votre Galaxy J701</h4><ul><li>L'écran de votre appareil ne s'allume plus</li><li>L'écran de votre appareil est totalement blanc</li><li>Des tâches noires sont apparues sur l'écran de votre appareil</li><li>Des lignes multicolores couvrent une partie de l'écran de votre appareil</li><li>La vitre tactile de votre appareil ne répond plus</li><li>Certaines zones de votre écran appareil ne sont plus tactiles</li><li>Votre vitre tactile est rayée ou cassée ?</li></ul>" 
2443, Galaxy Mega 2, 3500 XPF, http://localhost/atom-wp/wp-content/uploads/2019/12/battery.png, Batterie, "<p>Vous rêvez de sortir sans devoir emmener votre chargeur par crainte que votre appareil ne tienne pas la journée ? Si l'autonomie est devenue si catastrophique, que la batterie de votre appareil ne charge plus du tout ou qu'elle est gonflée, alors vous avez raison de vouloir passer à l'action.</p><h4>Les symptômes de votre Galaxy Mega 2</h4><ul><li>La batterie de votre appareil ne tient pas la charge</li><li>Le chargement de la batterie de votre appareil est très lent</li><li>La batterie de votre appareil doit rester branchée</li><li>La batterie de votre appareil ne charge plus ou ne s'allume plus</li><li>La batterie de votre appareil est gonflée</li><li>Votre appareil s’éteint sans raison</li><li>Votre appareil a été exposé à une température extrême</li><li>La batterie est HS</li></ul>" 
2444, Galaxy Mega 2, 14900 XPF, http://localhost/atom-wp/wp-content/uploads/2019/12/display-bis.png, Ecran, "<p>Si vous avez besoin de changer votre écran, vous êtes au bon endroit ! En cas d'écran cassé, d'écran rayé, d'écran qui reste noir alors que le téléphone réagit et est allumé ou à cause d'un simple problème tactile, il vaut mieux réparer son appareil plutôt que de le jeter .</p><h4>Les symptômes de votre Galaxy Mega 2</h4><ul><li>L'écran de votre appareil ne s'allume plus</li><li>L'écran de votre appareil est totalement blanc</li><li>Des tâches noires sont apparues sur l'écran de votre appareil</li><li>Des lignes multicolores couvrent une partie de l'écran de votre appareil</li><li>La vitre tactile de votre appareil ne répond plus</li><li>Certaines zones de votre écran appareil ne sont plus tactiles</li><li>Votre vitre tactile est rayée ou cassée ?</li></ul>" 
2445, Galaxy Note 3, 23900 XPF, http://localhost/atom-wp/wp-content/uploads/2019/12/display-bis.png, Ecran, "<p>Si vous avez besoin de changer votre écran, vous êtes au bon endroit ! En cas d'écran cassé, d'écran rayé, d'écran qui reste noir alors que le téléphone réagit et est allumé ou à cause d'un simple problème tactile, il vaut mieux réparer son appareil plutôt que de le jeter .</p><h4>Les symptômes de votre Galaxy Note 3</h4><ul><li>L'écran de votre appareil ne s'allume plus</li><li>L'écran de votre appareil est totalement blanc</li><li>Des tâches noires sont apparues sur l'écran de votre appareil</li><li>Des lignes multicolores couvrent une partie de l'écran de votre appareil</li><li>La vitre tactile de votre appareil ne répond plus</li><li>Certaines zones de votre écran appareil ne sont plus tactiles</li><li>Votre vitre tactile est rayée ou cassée ?</li></ul>" 
2447, Galaxy Note 3, 5900 XPF, http://localhost/atom-wp/wp-content/uploads/2019/12/jack-connector.png, Connecteur jack, "<p>Les problèmes liés à une prise jack défectueuse sont simples à diagnostiquer : non reconnaissance des écouteurs, grésillements, absence de son d'un côté, appui non souhaité sur certaines fonctions... Si votre Appareil rencontre un de ces soucis, alors il est nécessaire de procéder au remplacement de la prise jack de votre smartphone</p><h4>Les symptômes de votre Galaxy Note 3</h4><ul><li>Prise jack cassée</li><li>Grésillements</li><li>Son qui ne sort que d'un seul côté</li></ul>" 
2446, Galaxy Note 3, 4000 XPF, http://localhost/atom-wp/wp-content/uploads/2019/12/battery.png, Batterie, "<p>Vous rêvez de sortir sans devoir emmener votre chargeur par crainte que votre appareil ne tienne pas la journée ? Si l'autonomie est devenue si catastrophique, que la batterie de votre appareil ne charge plus du tout ou qu'elle est gonflée, alors vous avez raison de vouloir passer à l'action.</p><h4>Les symptômes de votre Galaxy Note 3</h4><ul><li>La batterie de votre appareil ne tient pas la charge</li><li>Le chargement de la batterie de votre appareil est très lent</li><li>La batterie de votre appareil doit rester branchée</li><li>La batterie de votre appareil ne charge plus ou ne s'allume plus</li><li>La batterie de votre appareil est gonflée</li><li>Votre appareil s’éteint sans raison</li><li>Votre appareil a été exposé à une température extrême</li><li>La batterie est HS</li></ul>" 
2448, Galaxy Note 5, 7 900 XPF, http://localhost/atom-wp/wp-content/uploads/2019/12/battery.png, Batterie, "<p>Vous rêvez de sortir sans devoir emmener votre chargeur par crainte que votre appareil ne tienne pas la journée ? Si l'autonomie est devenue si catastrophique, que la batterie de votre appareil ne charge plus du tout ou qu'elle est gonflée, alors vous avez raison de vouloir passer à l'action.</p><h4>Les symptômes de votre Galaxy Note 5</h4><ul><li>La batterie de votre appareil ne tient pas la charge</li><li>Le chargement de la batterie de votre appareil est très lent</li><li>La batterie de votre appareil doit rester branchée</li><li>La batterie de votre appareil ne charge plus ou ne s'allume plus</li><li>La batterie de votre appareil est gonflée</li><li>Votre appareil s’éteint sans raison</li><li>Votre appareil a été exposé à une température extrême</li><li>La batterie est HS</li></ul>" 
2449, Galaxy Note 5, 32900 XPF, http://localhost/atom-wp/wp-content/uploads/2019/12/display.png, Ecran, "<p>Si vous avez besoin de changer votre écran, vous êtes au bon endroit ! En cas d'écran cassé, d'écran rayé, d'écran qui reste noir alors que le téléphone réagit et est allumé ou à cause d'un simple problème tactile, il vaut mieux réparer son appareil plutôt que de le jeter .</p><h4>Les symptômes de votre Galaxy Note 5</h4><ul><li>L'écran de votre appareil ne s'allume plus</li><li>L'écran de votre appareil est totalement blanc</li><li>Des tâches noires sont apparues sur l'écran de votre appareil</li><li>Des lignes multicolores couvrent une partie de l'écran de votre appareil</li><li>La vitre tactile de votre appareil ne répond plus</li><li>Certaines zones de votre écran appareil ne sont plus tactiles</li><li>Votre vitre tactile est rayée ou cassée ?</li></ul>" 
2450, Galaxy S2, 10900 XPF, http://localhost/atom-wp/wp-content/uploads/2019/12/display.png, Ecran, "<p>Si vous avez besoin de changer votre écran, vous êtes au bon endroit ! En cas d'écran cassé, d'écran rayé, d'écran qui reste noir alors que le téléphone réagit et est allumé ou à cause d'un simple problème tactile, il vaut mieux réparer son appareil plutôt que de le jeter .</p><h4>Les symptômes de votre Galaxy S2</h4><ul><li>L'écran de votre appareil ne s'allume plus</li><li>L'écran de votre appareil est totalement blanc</li><li>Des tâches noires sont apparues sur l'écran de votre appareil</li><li>Des lignes multicolores couvrent une partie de l'écran de votre appareil</li><li>La vitre tactile de votre appareil ne répond plus</li><li>Certaines zones de votre écran appareil ne sont plus tactiles</li><li>Votre vitre tactile est rayée ou cassée ?</li></ul>" 
2451, Galaxy S2, 3500 XPF, http://localhost/atom-wp/wp-content/uploads/2019/12/battery.png, Batterie, "<p>Vous rêvez de sortir sans devoir emmener votre chargeur par crainte que votre appareil ne tienne pas la journée ? Si l'autonomie est devenue si catastrophique, que la batterie de votre appareil ne charge plus du tout ou qu'elle est gonflée, alors vous avez raison de vouloir passer à l'action.</p><h4>Les symptômes de votre Galaxy S2</h4><ul><li>La batterie de votre appareil ne tient pas la charge</li><li>Le chargement de la batterie de votre appareil est très lent</li><li>La batterie de votre appareil doit rester branchée</li><li>La batterie de votre appareil ne charge plus ou ne s'allume plus</li><li>La batterie de votre appareil est gonflée</li><li>Votre appareil s’éteint sans raison</li><li>Votre appareil a été exposé à une température extrême</li><li>La batterie est HS</li></ul>" 
2453, Galaxy A3 (2015), 16 900 XPF, http://localhost/atom-wp/wp-content/uploads/2019/12/display-bis.png, Ecran, "<p>Si vous avez besoin de changer votre écran, vous êtes au bon endroit ! En cas d'écran cassé, d'écran rayé, d'écran qui reste noir alors que le téléphone réagit et est allumé ou à cause d'un simple problème tactile, il vaut mieux réparer son appareil plutôt que de le jeter .</p><h4>Les symptômes de votre Galaxy A3 (2015)</h4><ul><li>L'écran de votre appareil ne s'allume plus</li><li>L'écran de votre appareil est totalement blanc</li><li>Des tâches noires sont apparues sur l'écran de votre appareil</li><li>Des lignes multicolores couvrent une partie de l'écran de votre appareil</li><li>La vitre tactile de votre appareil ne répond plus</li><li>Certaines zones de votre écran appareil ne sont plus tactiles</li><li>Votre vitre tactile est rayée ou cassée ?</li></ul>" 
2452, Galaxy A3 (2015), 6900 XPF, http://localhost/atom-wp/wp-content/uploads/2019/12/battery.png, Batterie, "<p>Vous rêvez de sortir sans devoir emmener votre chargeur par crainte que votre appareil ne tienne pas la journée ? Si l'autonomie est devenue si catastrophique, que la batterie de votre appareil ne charge plus du tout ou qu'elle est gonflée, alors vous avez raison de vouloir passer à l'action.</p><h4>Les symptômes de votre Galaxy A3 (2015)</h4><ul><li>La batterie de votre appareil ne tient pas la charge</li><li>Le chargement de la batterie de votre appareil est très lent</li><li>La batterie de votre appareil doit rester branchée</li><li>La batterie de votre appareil ne charge plus ou ne s'allume plus</li><li>La batterie de votre appareil est gonflée</li><li>Votre appareil s’éteint sans raison</li><li>Votre appareil a été exposé à une température extrême</li><li>La batterie est HS</li></ul>" 
2455, Galaxy A5, 16900 XPF, http://localhost/atom-wp/wp-content/uploads/2019/12/display-bis.png, Ecran, "<p>Si vous avez besoin de changer votre écran, vous êtes au bon endroit ! En cas d'écran cassé, d'écran rayé, d'écran qui reste noir alors que le téléphone réagit et est allumé ou à cause d'un simple problème tactile, il vaut mieux réparer son appareil plutôt que de le jeter .</p><h4>Les symptômes de votre Galaxy A5</h4><ul><li>L'écran de votre appareil ne s'allume plus</li><li>L'écran de votre appareil est totalement blanc</li><li>Des tâches noires sont apparues sur l'écran de votre appareil</li><li>Des lignes multicolores couvrent une partie de l'écran de votre appareil</li><li>La vitre tactile de votre appareil ne répond plus</li><li>Certaines zones de votre écran appareil ne sont plus tactiles</li><li>Votre vitre tactile est rayée ou cassée ?</li></ul>" 
2454, Galaxy A5, 6900 XPF, http://localhost/atom-wp/wp-content/uploads/2019/12/battery.png, Batterie, "<p>Vous rêvez de sortir sans devoir emmener votre chargeur par crainte que votre appareil ne tienne pas la journée ? Si l'autonomie est devenue si catastrophique, que la batterie de votre appareil ne charge plus du tout ou qu'elle est gonflée, alors vous avez raison de vouloir passer à l'action.</p><h4>Les symptômes de votre Galaxy A5</h4><ul><li>La batterie de votre appareil ne tient pas la charge</li><li>Le chargement de la batterie de votre appareil est très lent</li><li>La batterie de votre appareil doit rester branchée</li><li>La batterie de votre appareil ne charge plus ou ne s'allume plus</li><li>La batterie de votre appareil est gonflée</li><li>Votre appareil s’éteint sans raison</li><li>Votre appareil a été exposé à une température extrême</li><li>La batterie est HS</li></ul>" 
2456, Galaxy J120 2016, 12900 XPF, http://localhost/atom-wp/wp-content/uploads/2019/12/display.png, Ecran, "<p>Si vous avez besoin de changer votre écran, vous êtes au bon endroit ! En cas d'écran cassé, d'écran rayé, d'écran qui reste noir alors que le téléphone réagit et est allumé ou à cause d'un simple problème tactile, il vaut mieux réparer son appareil plutôt que de le jeter .</p><h4>Les symptômes de votre Galaxy J120 2016</h4><ul><li>L'écran de votre appareil ne s'allume plus</li><li>L'écran de votre appareil est totalement blanc</li><li>Des tâches noires sont apparues sur l'écran de votre appareil</li><li>Des lignes multicolores couvrent une partie de l'écran de votre appareil</li><li>La vitre tactile de votre appareil ne répond plus</li><li>Certaines zones de votre écran appareil ne sont plus tactiles</li><li>Votre vitre tactile est rayée ou cassée ?</li></ul>" 
2457, Galaxy J120 2016, 3900 XPF, http://localhost/atom-wp/wp-content/uploads/2019/12/battery.png, Batterie, "<p>Vous rêvez de sortir sans devoir emmener votre chargeur par crainte que votre appareil ne tienne pas la journée ? Si l'autonomie est devenue si catastrophique, que la batterie de votre appareil ne charge plus du tout ou qu'elle est gonflée, alors vous avez raison de vouloir passer à l'action.</p><h4>Les symptômes de votre Galaxy J120 2016</h4><ul><li>La batterie de votre appareil ne tient pas la charge</li><li>Le chargement de la batterie de votre appareil est très lent</li><li>La batterie de votre appareil doit rester branchée</li><li>La batterie de votre appareil ne charge plus ou ne s'allume plus</li><li>La batterie de votre appareil est gonflée</li><li>Votre appareil s’éteint sans raison</li><li>Votre appareil a été exposé à une température extrême</li><li>La batterie est HS</li></ul>" 
2458, Galaxy J5 (2016), 14 900 XPF, http://localhost/atom-wp/wp-content/uploads/2019/12/display-bis.png, Ecran, "<p>Si vous avez besoin de changer votre écran, vous êtes au bon endroit ! En cas d'écran cassé, d'écran rayé, d'écran qui reste noir alors que le téléphone réagit et est allumé ou à cause d'un simple problème tactile, il vaut mieux réparer son appareil plutôt que de le jeter .</p><h4>Les symptômes de votre Galaxy J5 (2016)</h4><ul><li>L'écran de votre appareil ne s'allume plus</li><li>L'écran de votre appareil est totalement blanc</li><li>Des tâches noires sont apparues sur l'écran de votre appareil</li><li>Des lignes multicolores couvrent une partie de l'écran de votre appareil</li><li>La vitre tactile de votre appareil ne répond plus</li><li>Certaines zones de votre écran appareil ne sont plus tactiles</li><li>Votre vitre tactile est rayée ou cassée ?</li></ul>" 
2459, Galaxy J5 (2016), 4000 XPF, http://localhost/atom-wp/wp-content/uploads/2019/12/battery.png, Batterie, "<p>Vous rêvez de sortir sans devoir emmener votre chargeur par crainte que votre appareil ne tienne pas la journée ? Si l'autonomie est devenue si catastrophique, que la batterie de votre appareil ne charge plus du tout ou qu'elle est gonflée, alors vous avez raison de vouloir passer à l'action.</p><h4>Les symptômes de votre Galaxy J5 (2016)</h4><ul><li>La batterie de votre appareil ne tient pas la charge</li><li>Le chargement de la batterie de votre appareil est très lent</li><li>La batterie de votre appareil doit rester branchée</li><li>La batterie de votre appareil ne charge plus ou ne s'allume plus</li><li>La batterie de votre appareil est gonflée</li><li>Votre appareil s’éteint sans raison</li><li>Votre appareil a été exposé à une température extrême</li><li>La batterie est HS</li></ul>" 
2460, Galaxy Note 2, 16900 XPF, http://localhost/atom-wp/wp-content/uploads/2019/12/display.png, Ecran, "<p>Si vous avez besoin de changer votre écran, vous êtes au bon endroit ! En cas d'écran cassé, d'écran rayé, d'écran qui reste noir alors que le téléphone réagit et est allumé ou à cause d'un simple problème tactile, il vaut mieux réparer son appareil plutôt que de le jeter .</p><h4>Les symptômes de votre Galaxy Note 2</h4><ul><li>L'écran de votre appareil ne s'allume plus</li><li>L'écran de votre appareil est totalement blanc</li><li>Des tâches noires sont apparues sur l'écran de votre appareil</li><li>Des lignes multicolores couvrent une partie de l'écran de votre appareil</li><li>La vitre tactile de votre appareil ne répond plus</li><li>Certaines zones de votre écran appareil ne sont plus tactiles</li><li>Votre vitre tactile est rayée ou cassée ?</li></ul>" 
2461, Galaxy Note 2, 3900 XPF, http://localhost/atom-wp/wp-content/uploads/2019/12/battery.png, Batterie, "<p>Vous rêvez de sortir sans devoir emmener votre chargeur par crainte que votre appareil ne tienne pas la journée ? Si l'autonomie est devenue si catastrophique, que la batterie de votre appareil ne charge plus du tout ou qu'elle est gonflée, alors vous avez raison de vouloir passer à l'action.</p><h4>Les symptômes de votre Galaxy Note 2</h4><ul><li>La batterie de votre appareil ne tient pas la charge</li><li>Le chargement de la batterie de votre appareil est très lent</li><li>La batterie de votre appareil doit rester branchée</li><li>La batterie de votre appareil ne charge plus ou ne s'allume plus</li><li>La batterie de votre appareil est gonflée</li><li>Votre appareil s’éteint sans raison</li><li>Votre appareil a été exposé à une température extrême</li><li>La batterie est HS</li></ul>" 
2462, Galaxy S6 Edge Plus, 6900 XPF, http://localhost/atom-wp/wp-content/uploads/2019/12/battery.png, Batterie, "<p>Vous rêvez de sortir sans devoir emmener votre chargeur par crainte que votre appareil ne tienne pas la journée ? Si l'autonomie est devenue si catastrophique, que la batterie de votre appareil ne charge plus du tout ou qu'elle est gonflée, alors vous avez raison de vouloir passer à l'action.</p><h4>Les symptômes de votre Galaxy S6 Edge Plus</h4><ul><li>La batterie de votre appareil ne tient pas la charge</li><li>Le chargement de la batterie de votre appareil est très lent</li><li>La batterie de votre appareil doit rester branchée</li><li>La batterie de votre appareil ne charge plus ou ne s'allume plus</li><li>La batterie de votre appareil est gonflée</li><li>Votre appareil s’éteint sans raison</li><li>Votre appareil a été exposé à une température extrême</li><li>La batterie est HS</li></ul>" 
2463, Galaxy S6 Edge Plus, 29900 XPF, http://localhost/atom-wp/wp-content/uploads/2019/12/display-bis.png, Ecran, "<p>Si vous avez besoin de changer votre écran, vous êtes au bon endroit ! En cas d'écran cassé, d'écran rayé, d'écran qui reste noir alors que le téléphone réagit et est allumé ou à cause d'un simple problème tactile, il vaut mieux réparer son appareil plutôt que de le jeter .</p><h4>Les symptômes de votre Galaxy S6 Edge Plus</h4><ul><li>L'écran de votre appareil ne s'allume plus</li><li>L'écran de votre appareil est totalement blanc</li><li>Des tâches noires sont apparues sur l'écran de votre appareil</li><li>Des lignes multicolores couvrent une partie de l'écran de votre appareil</li><li>La vitre tactile de votre appareil ne répond plus</li><li>Certaines zones de votre écran appareil ne sont plus tactiles</li><li>Votre vitre tactile est rayée ou cassée ?</li></ul>" 
2464, Galaxy S6 edge, 19900 XPF, http://localhost/atom-wp/wp-content/uploads/2019/12/display.png, Ecran, "<p>Si vous avez besoin de changer votre écran, vous êtes au bon endroit ! En cas d'écran cassé, d'écran rayé, d'écran qui reste noir alors que le téléphone réagit et est allumé ou à cause d'un simple problème tactile, il vaut mieux réparer son appareil plutôt que de le jeter .</p><h4>Les symptômes de votre Galaxy S6 edge</h4><ul><li>L'écran de votre appareil ne s'allume plus</li><li>L'écran de votre appareil est totalement blanc</li><li>Des tâches noires sont apparues sur l'écran de votre appareil</li><li>Des lignes multicolores couvrent une partie de l'écran de votre appareil</li><li>La vitre tactile de votre appareil ne répond plus</li><li>Certaines zones de votre écran appareil ne sont plus tactiles</li><li>Votre vitre tactile est rayée ou cassée ?</li></ul>" 
2465, Galaxy S6 edge, 6900 XPF, http://localhost/atom-wp/wp-content/uploads/2019/12/battery.png, Batterie, "<p>Vous rêvez de sortir sans devoir emmener votre chargeur par crainte que votre appareil ne tienne pas la journée ? Si l'autonomie est devenue si catastrophique, que la batterie de votre appareil ne charge plus du tout ou qu'elle est gonflée, alors vous avez raison de vouloir passer à l'action.</p><h4>Les symptômes de votre Galaxy S6 edge</h4><ul><li>La batterie de votre appareil ne tient pas la charge</li><li>Le chargement de la batterie de votre appareil est très lent</li><li>La batterie de votre appareil doit rester branchée</li><li>La batterie de votre appareil ne charge plus ou ne s'allume plus</li><li>La batterie de votre appareil est gonflée</li><li>Votre appareil s’éteint sans raison</li><li>Votre appareil a été exposé à une température extrême</li><li>La batterie est HS</li></ul>" 
2466, Galaxy J7 (2016), 17900 XPF, http://localhost/atom-wp/wp-content/uploads/2019/12/display.png, Ecran, "<p>Si vous avez besoin de changer votre écran, vous êtes au bon endroit ! En cas d'écran cassé, d'écran rayé, d'écran qui reste noir alors que le téléphone réagit et est allumé ou à cause d'un simple problème tactile, il vaut mieux réparer son appareil plutôt que de le jeter .</p><h4>Les symptômes de votre Galaxy J7 (2016)</h4><ul><li>L'écran de votre appareil ne s'allume plus</li><li>L'écran de votre appareil est totalement blanc</li><li>Des tâches noires sont apparues sur l'écran de votre appareil</li><li>Des lignes multicolores couvrent une partie de l'écran de votre appareil</li><li>La vitre tactile de votre appareil ne répond plus</li><li>Certaines zones de votre écran appareil ne sont plus tactiles</li><li>Votre vitre tactile est rayée ou cassée ?</li></ul>" 
2467, Galaxy J7 (2016), 4500 XPF, http://localhost/atom-wp/wp-content/uploads/2019/12/battery.png, Batterie, "<p>Vous rêvez de sortir sans devoir emmener votre chargeur par crainte que votre appareil ne tienne pas la journée ? Si l'autonomie est devenue si catastrophique, que la batterie de votre appareil ne charge plus du tout ou qu'elle est gonflée, alors vous avez raison de vouloir passer à l'action.</p><h4>Les symptômes de votre Galaxy J7 (2016)</h4><ul><li>La batterie de votre appareil ne tient pas la charge</li><li>Le chargement de la batterie de votre appareil est très lent</li><li>La batterie de votre appareil doit rester branchée</li><li>La batterie de votre appareil ne charge plus ou ne s'allume plus</li><li>La batterie de votre appareil est gonflée</li><li>Votre appareil s’éteint sans raison</li><li>Votre appareil a été exposé à une température extrême</li><li>La batterie est HS</li></ul>" 
2468, Galaxy J4, 14500 XPF, http://localhost/atom-wp/wp-content/uploads/2019/12/display.png, Ecran, "<p>Si vous avez besoin de changer votre écran, vous êtes au bon endroit ! En cas d'écran cassé, d'écran rayé, d'écran qui reste noir alors que le téléphone réagit et est allumé ou à cause d'un simple problème tactile, il vaut mieux réparer son appareil plutôt que de le jeter .</p><h4>Les symptômes de votre Galaxy J4</h4><ul><li>L'écran de votre appareil ne s'allume plus</li><li>L'écran de votre appareil est totalement blanc</li><li>Des tâches noires sont apparues sur l'écran de votre appareil</li><li>Des lignes multicolores couvrent une partie de l'écran de votre appareil</li><li>La vitre tactile de votre appareil ne répond plus</li><li>Certaines zones de votre écran appareil ne sont plus tactiles</li><li>Votre vitre tactile est rayée ou cassée ?</li></ul>" 
2470, Galaxy J7 2015, 3900 XPF, http://localhost/atom-wp/wp-content/uploads/2019/12/battery.png, Batterie, "<p>Vous rêvez de sortir sans devoir emmener votre chargeur par crainte que votre appareil ne tienne pas la journée ? Si l'autonomie est devenue si catastrophique, que la batterie de votre appareil ne charge plus du tout ou qu'elle est gonflée, alors vous avez raison de vouloir passer à l'action.</p><h4>Les symptômes de votre Galaxy J7 2015</h4><ul><li>La batterie de votre appareil ne tient pas la charge</li><li>Le chargement de la batterie de votre appareil est très lent</li><li>La batterie de votre appareil doit rester branchée</li><li>La batterie de votre appareil ne charge plus ou ne s'allume plus</li><li>La batterie de votre appareil est gonflée</li><li>Votre appareil s’éteint sans raison</li><li>Votre appareil a été exposé à une température extrême</li><li>La batterie est HS</li></ul>" 
2469, Galaxy J7 2015, 16900 XPF, http://localhost/atom-wp/wp-content/uploads/2019/12/display.png, Ecran, "<p>Si vous avez besoin de changer votre écran, vous êtes au bon endroit ! En cas d'écran cassé, d'écran rayé, d'écran qui reste noir alors que le téléphone réagit et est allumé ou à cause d'un simple problème tactile, il vaut mieux réparer son appareil plutôt que de le jeter .</p><h4>Les symptômes de votre Galaxy J7 2015</h4><ul><li>L'écran de votre appareil ne s'allume plus</li><li>L'écran de votre appareil est totalement blanc</li><li>Des tâches noires sont apparues sur l'écran de votre appareil</li><li>Des lignes multicolores couvrent une partie de l'écran de votre appareil</li><li>La vitre tactile de votre appareil ne répond plus</li><li>Certaines zones de votre écran appareil ne sont plus tactiles</li><li>Votre vitre tactile est rayée ou cassée ?</li></ul>" 
2471, Galaxy J2 Prime, 9900 XPF, http://localhost/atom-wp/wp-content/uploads/2019/12/display.png, Ecran, "<p>Si vous avez besoin de changer votre écran, vous êtes au bon endroit ! En cas d'écran cassé, d'écran rayé, d'écran qui reste noir alors que le téléphone réagit et est allumé ou à cause d'un simple problème tactile, il vaut mieux réparer son appareil plutôt que de le jeter .</p><h4>Les symptômes de votre Galaxy J2 Prime</h4><ul><li>L'écran de votre appareil ne s'allume plus</li><li>L'écran de votre appareil est totalement blanc</li><li>Des tâches noires sont apparues sur l'écran de votre appareil</li><li>Des lignes multicolores couvrent une partie de l'écran de votre appareil</li><li>La vitre tactile de votre appareil ne répond plus</li><li>Certaines zones de votre écran appareil ne sont plus tactiles</li><li>Votre vitre tactile est rayée ou cassée ?</li></ul>" 
2472, Galaxy J2 Prime, 7900 XPF, http://localhost/atom-wp/wp-content/uploads/2019/12/digitizer-phone.png, Vitre, "<p>La vitre de votre appareil est un des éléments les plus fragiles. En faisant subir à votre appareil plusieurs chocs ou en l'exposant trop longtemps au soleil, vous pouvez entrainer des répercussions sur l'afficheur. Nous changeons la vitre tactile en la remplaçant par une neuve (de marque constructeur ou performance équivalente).</p><h4>Les symptômes de votre Galaxy J2 Prime</h4><ul><li>Votre vitre tactile ne répond plus ou manque de réactivité</li><li>Certaines zones de votre écran ne sont plus tactiles</li><li>Votre vitre tactile est rayée ou fissurée.</li></ul>" 
2473, Galaxy S3, 15900 XPF, http://localhost/atom-wp/wp-content/uploads/2019/12/display.png, Ecran, "<p>Si vous avez besoin de changer votre écran, vous êtes au bon endroit ! En cas d'écran cassé, d'écran rayé, d'écran qui reste noir alors que le téléphone réagit et est allumé ou à cause d'un simple problème tactile, il vaut mieux réparer son appareil plutôt que de le jeter .</p><h4>Les symptômes de votre Galaxy S3</h4><ul><li>L'écran de votre appareil ne s'allume plus</li><li>L'écran de votre appareil est totalement blanc</li><li>Des tâches noires sont apparues sur l'écran de votre appareil</li><li>Des lignes multicolores couvrent une partie de l'écran de votre appareil</li><li>La vitre tactile de votre appareil ne répond plus</li><li>Certaines zones de votre écran appareil ne sont plus tactiles</li><li>Votre vitre tactile est rayée ou cassée ?</li></ul>" 
2474, Galaxy S3, 3900 XPF, http://localhost/atom-wp/wp-content/uploads/2019/12/battery.png, Batterie, "<p>Vous rêvez de sortir sans devoir emmener votre chargeur par crainte que votre appareil ne tienne pas la journée ? Si l'autonomie est devenue si catastrophique, que la batterie de votre appareil ne charge plus du tout ou qu'elle est gonflée, alors vous avez raison de vouloir passer à l'action.</p><h4>Les symptômes de votre Galaxy S3</h4><ul><li>La batterie de votre appareil ne tient pas la charge</li><li>Le chargement de la batterie de votre appareil est très lent</li><li>La batterie de votre appareil doit rester branchée</li><li>La batterie de votre appareil ne charge plus ou ne s'allume plus</li><li>La batterie de votre appareil est gonflée</li><li>Votre appareil s’éteint sans raison</li><li>Votre appareil a été exposé à une température extrême</li><li>La batterie est HS</li></ul>" 
2475, Galaxy S4 Mini, 14900 XPF, http://localhost/atom-wp/wp-content/uploads/2019/12/display.png, Ecran, "<p>Si vous avez besoin de changer votre écran, vous êtes au bon endroit ! En cas d'écran cassé, d'écran rayé, d'écran qui reste noir alors que le téléphone réagit et est allumé ou à cause d'un simple problème tactile, il vaut mieux réparer son appareil plutôt que de le jeter .</p><h4>Les symptômes de votre Galaxy S4 Mini</h4><ul><li>L'écran de votre appareil ne s'allume plus</li><li>L'écran de votre appareil est totalement blanc</li><li>Des tâches noires sont apparues sur l'écran de votre appareil</li><li>Des lignes multicolores couvrent une partie de l'écran de votre appareil</li><li>La vitre tactile de votre appareil ne répond plus</li><li>Certaines zones de votre écran appareil ne sont plus tactiles</li><li>Votre vitre tactile est rayée ou cassée ?</li></ul>" 
2478, Galaxy J320, 3900 XPF, http://localhost/atom-wp/wp-content/uploads/2019/12/battery.png, Batterie, "<p>Vous rêvez de sortir sans devoir emmener votre chargeur par crainte que votre appareil ne tienne pas la journée ? Si l'autonomie est devenue si catastrophique, que la batterie de votre appareil ne charge plus du tout ou qu'elle est gonflée, alors vous avez raison de vouloir passer à l'action.</p><h4>Les symptômes de votre Galaxy J320</h4><ul><li>La batterie de votre appareil ne tient pas la charge</li><li>Le chargement de la batterie de votre appareil est très lent</li><li>La batterie de votre appareil doit rester branchée</li><li>La batterie de votre appareil ne charge plus ou ne s'allume plus</li><li>La batterie de votre appareil est gonflée</li><li>Votre appareil s’éteint sans raison</li><li>Votre appareil a été exposé à une température extrême</li><li>La batterie est HS</li></ul>" 
2477, Galaxy J320, 13900 XPF, http://localhost/atom-wp/wp-content/uploads/2019/12/display-bis.png, Ecran, "<p>Si vous avez besoin de changer votre écran, vous êtes au bon endroit ! En cas d'écran cassé, d'écran rayé, d'écran qui reste noir alors que le téléphone réagit et est allumé ou à cause d'un simple problème tactile, il vaut mieux réparer son appareil plutôt que de le jeter .</p><h4>Les symptômes de votre Galaxy J320</h4><ul><li>L'écran de votre appareil ne s'allume plus</li><li>L'écran de votre appareil est totalement blanc</li><li>Des tâches noires sont apparues sur l'écran de votre appareil</li><li>Des lignes multicolores couvrent une partie de l'écran de votre appareil</li><li>La vitre tactile de votre appareil ne répond plus</li><li>Certaines zones de votre écran appareil ne sont plus tactiles</li><li>Votre vitre tactile est rayée ou cassée ?</li></ul>" 
2476, Galaxy S4 Mini, 3500 XPF, http://localhost/atom-wp/wp-content/uploads/2019/12/battery.png, Batterie, "<p>Vous rêvez de sortir sans devoir emmener votre chargeur par crainte que votre appareil ne tienne pas la journée ? Si l'autonomie est devenue si catastrophique, que la batterie de votre appareil ne charge plus du tout ou qu'elle est gonflée, alors vous avez raison de vouloir passer à l'action.</p><h4>Les symptômes de votre Galaxy S4 Mini</h4><ul><li>La batterie de votre appareil ne tient pas la charge</li><li>Le chargement de la batterie de votre appareil est très lent</li><li>La batterie de votre appareil doit rester branchée</li><li>La batterie de votre appareil ne charge plus ou ne s'allume plus</li><li>La batterie de votre appareil est gonflée</li><li>Votre appareil s’éteint sans raison</li><li>Votre appareil a été exposé à une température extrême</li><li>La batterie est HS</li></ul>" 
2480, Galaxy Xcover 3, 3900 XPF, http://localhost/atom-wp/wp-content/uploads/2019/12/battery.png, Batterie, "<p>Vous rêvez de sortir sans devoir emmener votre chargeur par crainte que votre appareil ne tienne pas la journée ? Si l'autonomie est devenue si catastrophique, que la batterie de votre appareil ne charge plus du tout ou qu'elle est gonflée, alors vous avez raison de vouloir passer à l'action.</p><h4>Les symptômes de votre Galaxy Xcover 3</h4><ul><li>La batterie de votre appareil ne tient pas la charge</li><li>Le chargement de la batterie de votre appareil est très lent</li><li>La batterie de votre appareil doit rester branchée</li><li>La batterie de votre appareil ne charge plus ou ne s'allume plus</li><li>La batterie de votre appareil est gonflée</li><li>Votre appareil s’éteint sans raison</li><li>Votre appareil a été exposé à une température extrême</li><li>La batterie est HS</li></ul>" 
2481, Galaxy Xcover 3, 9900 XPF, http://localhost/atom-wp/wp-content/uploads/2019/12/display.png, Ecran, "<p>Si vous avez besoin de changer votre écran, vous êtes au bon endroit ! En cas d'écran cassé, d'écran rayé, d'écran qui reste noir alors que le téléphone réagit et est allumé ou à cause d'un simple problème tactile, il vaut mieux réparer son appareil plutôt que de le jeter .</p><h4>Les symptômes de votre Galaxy Xcover 3</h4><ul><li>L'écran de votre appareil ne s'allume plus</li><li>L'écran de votre appareil est totalement blanc</li><li>Des tâches noires sont apparues sur l'écran de votre appareil</li><li>Des lignes multicolores couvrent une partie de l'écran de votre appareil</li><li>La vitre tactile de votre appareil ne répond plus</li><li>Certaines zones de votre écran appareil ne sont plus tactiles</li><li>Votre vitre tactile est rayée ou cassée ?</li></ul>" 
2479, Galaxy Xcover 3, 7900 XPF, http://localhost/atom-wp/wp-content/uploads/2019/12/digitizer.png, Vitre, "<p>La vitre de votre appareil est un des éléments les plus fragiles. En faisant subir à votre appareil plusieurs chocs ou en l'exposant trop longtemps au soleil, vous pouvez entrainer des répercussions sur l'afficheur. Nous changeons la vitre tactile en la remplaçant par une neuve (de marque constructeur ou performance équivalente).</p><h4>Les symptômes de votre Galaxy Xcover 3</h4><ul><li>Votre vitre tactile ne répond plus ou manque de réactivité</li><li>Certaines zones de votre écran ne sont plus tactiles</li><li>Votre vitre tactile est rayée ou fissurée.</li></ul>" 
2485, Galaxy Note 4, 5900 XPF, http://localhost/atom-wp/wp-content/uploads/2019/12/jack-connector.png, Connecteur jack, "<p>Les problèmes liés à une prise jack défectueuse sont simples à diagnostiquer : non reconnaissance des écouteurs, grésillements, absence de son d'un côté, appui non souhaité sur certaines fonctions... Si votre Appareil rencontre un de ces soucis, alors il est nécessaire de procéder au remplacement de la prise jack de votre smartphone</p><h4>Les symptômes de votre Galaxy Note 4</h4><ul><li>Prise jack cassée</li><li>Grésillements</li><li>Son qui ne sort que d'un seul côté</li></ul>" 
2482, Galaxy Note 4, 4500 XPF, http://localhost/atom-wp/wp-content/uploads/2019/12/battery.png, Batterie, "<p>Vous rêvez de sortir sans devoir emmener votre chargeur par crainte que votre appareil ne tienne pas la journée ? Si l'autonomie est devenue si catastrophique, que la batterie de votre appareil ne charge plus du tout ou qu'elle est gonflée, alors vous avez raison de vouloir passer à l'action.</p><h4>Les symptômes de votre Galaxy Note 4</h4><ul><li>La batterie de votre appareil ne tient pas la charge</li><li>Le chargement de la batterie de votre appareil est très lent</li><li>La batterie de votre appareil doit rester branchée</li><li>La batterie de votre appareil ne charge plus ou ne s'allume plus</li><li>La batterie de votre appareil est gonflée</li><li>Votre appareil s’éteint sans raison</li><li>Votre appareil a été exposé à une température extrême</li><li>La batterie est HS</li></ul>" 
2484, Galaxy Note 4, 6900 XPF, http://localhost/atom-wp/wp-content/uploads/2019/12/charging.png, Connecteur de charge, "<p>Vous rencontrez des problèmes de charge sur votre Appareil et cela vous exaspère ' Si vous ne pouvez plus transférer vos données sur votre ordinateur car l'Appareil n'est pas reconnu ou qu'il ne prend plus la charge, posant des soucis d'autonomie alors il y a de fortes chances que cela provienne du connecteur de charge.</p><h4>Les symptômes de votre Galaxy Note 4</h4><ul><li>Votre appareil ne se charge pas alors qu'il est branché</li><li>L'embout du chargeur ne tient pas dans votre appareil</li><li>Votre appareil n'est plus reconnu par votre ordinateur</li><li> La charge est très lente voir statique.</li></ul>" 
2483, Galaxy Note 4, 26900 XPF, http://localhost/atom-wp/wp-content/uploads/2019/12/display.png, Ecran, "<p>Si vous avez besoin de changer votre écran, vous êtes au bon endroit ! En cas d'écran cassé, d'écran rayé, d'écran qui reste noir alors que le téléphone réagit et est allumé ou à cause d'un simple problème tactile, il vaut mieux réparer son appareil plutôt que de le jeter .</p><h4>Les symptômes de votre Galaxy Note 4</h4><ul><li>L'écran de votre appareil ne s'allume plus</li><li>L'écran de votre appareil est totalement blanc</li><li>Des tâches noires sont apparues sur l'écran de votre appareil</li><li>Des lignes multicolores couvrent une partie de l'écran de votre appareil</li><li>La vitre tactile de votre appareil ne répond plus</li><li>Certaines zones de votre écran appareil ne sont plus tactiles</li><li>Votre vitre tactile est rayée ou cassée ?</li></ul>" 
2487, Galaxy S6, 6900 XPF, http://localhost/atom-wp/wp-content/uploads/2019/12/battery.png, Batterie, "<p>Vous rêvez de sortir sans devoir emmener votre chargeur par crainte que votre appareil ne tienne pas la journée ? Si l'autonomie est devenue si catastrophique, que la batterie de votre appareil ne charge plus du tout ou qu'elle est gonflée, alors vous avez raison de vouloir passer à l'action.</p><h4>Les symptômes de votre Galaxy S6</h4><ul><li>La batterie de votre appareil ne tient pas la charge</li><li>Le chargement de la batterie de votre appareil est très lent</li><li>La batterie de votre appareil doit rester branchée</li><li>La batterie de votre appareil ne charge plus ou ne s'allume plus</li><li>La batterie de votre appareil est gonflée</li><li>Votre appareil s’éteint sans raison</li><li>Votre appareil a été exposé à une température extrême</li><li>La batterie est HS</li></ul>" 
2488, Galaxy S6, 6900 XPF, http://localhost/atom-wp/wp-content/uploads/2019/12/back-glass.png, Vitre arrière, "<p>Votre Appareil a reçu un mauvais choc ou est tombé et sa vitre arrière s'est fissurée et ne tient plus en place. Cela pose un problème esthétique mais également sur le long terme car elle protège tous les composants internes, alors vous faites bien de vouloir passer à l'action.</p><h4>Les symptômes de votre Galaxy S6</h4><ul><li>Vitre arrière cassée ou abimée</li><li>Vitre arrière rayée</li></ul>" 
2489, Galaxy S6, 8900 XPF, http://localhost/atom-wp/wp-content/uploads/2019/12/charging.png, Connecteur de charge, "<p>Vous rencontrez des problèmes de charge sur votre Appareil et cela vous exaspère ' Si vous ne pouvez plus transférer vos données sur votre ordinateur car l'Appareil n'est pas reconnu ou qu'il ne prend plus la charge, posant des soucis d'autonomie alors il y a de fortes chances que cela provienne du connecteur de charge.</p><h4>Les symptômes de votre Galaxy S6</h4><ul><li>Votre appareil ne se charge pas alors qu'il est branché</li><li>L'embout du chargeur ne tient pas dans votre appareil</li><li>Votre appareil n'est plus reconnu par votre ordinateur</li><li> La charge est très lente voir statique.</li></ul>" 
2486, Galaxy S6, 19900 XPF, http://localhost/atom-wp/wp-content/uploads/2019/12/display.png, Ecran, "<p>Si vous avez besoin de changer votre écran, vous êtes au bon endroit ! En cas d'écran cassé, d'écran rayé, d'écran qui reste noir alors que le téléphone réagit et est allumé ou à cause d'un simple problème tactile, il vaut mieux réparer son appareil plutôt que de le jeter .</p><h4>Les symptômes de votre Galaxy S6</h4><ul><li>L'écran de votre appareil ne s'allume plus</li><li>L'écran de votre appareil est totalement blanc</li><li>Des tâches noires sont apparues sur l'écran de votre appareil</li><li>Des lignes multicolores couvrent une partie de l'écran de votre appareil</li><li>La vitre tactile de votre appareil ne répond plus</li><li>Certaines zones de votre écran appareil ne sont plus tactiles</li><li>Votre vitre tactile est rayée ou cassée ?</li></ul>" 
2490, Galaxy S8, 36900 XPF, http://localhost/atom-wp/wp-content/uploads/2019/12/display.png, Ecran, "<p>Si vous avez besoin de changer votre écran, vous êtes au bon endroit ! En cas d'écran cassé, d'écran rayé, d'écran qui reste noir alors que le téléphone réagit et est allumé ou à cause d'un simple problème tactile, il vaut mieux réparer son appareil plutôt que de le jeter .</p><h4>Les symptômes de votre Galaxy S8</h4><ul><li>L'écran de votre appareil ne s'allume plus</li><li>L'écran de votre appareil est totalement blanc</li><li>Des tâches noires sont apparues sur l'écran de votre appareil</li><li>Des lignes multicolores couvrent une partie de l'écran de votre appareil</li><li>La vitre tactile de votre appareil ne répond plus</li><li>Certaines zones de votre écran appareil ne sont plus tactiles</li><li>Votre vitre tactile est rayée ou cassée ?</li></ul>" 
2492, Galaxy S8, 7900 XPF, http://localhost/atom-wp/wp-content/uploads/2019/12/charging.png, Connecteur de charge, "<p>Vous rencontrez des problèmes de charge sur votre Appareil et cela vous exaspère ' Si vous ne pouvez plus transférer vos données sur votre ordinateur car l'Appareil n'est pas reconnu ou qu'il ne prend plus la charge, posant des soucis d'autonomie alors il y a de fortes chances que cela provienne du connecteur de charge.</p><h4>Les symptômes de votre Galaxy S8</h4><ul><li>Votre appareil ne se charge pas alors qu'il est branché</li><li>L'embout du chargeur ne tient pas dans votre appareil</li><li>Votre appareil n'est plus reconnu par votre ordinateur</li><li> La charge est très lente voir statique.</li></ul>" 
2491, Galaxy S8, 7900 XPF, http://localhost/atom-wp/wp-content/uploads/2019/12/battery.png, Batterie, "<p>Vous rêvez de sortir sans devoir emmener votre chargeur par crainte que votre appareil ne tienne pas la journée ? Si l'autonomie est devenue si catastrophique, que la batterie de votre appareil ne charge plus du tout ou qu'elle est gonflée, alors vous avez raison de vouloir passer à l'action.</p><h4>Les symptômes de votre Galaxy S8</h4><ul><li>La batterie de votre appareil ne tient pas la charge</li><li>Le chargement de la batterie de votre appareil est très lent</li><li>La batterie de votre appareil doit rester branchée</li><li>La batterie de votre appareil ne charge plus ou ne s'allume plus</li><li>La batterie de votre appareil est gonflée</li><li>Votre appareil s’éteint sans raison</li><li>Votre appareil a été exposé à une température extrême</li><li>La batterie est HS</li></ul>" 
2493, Galaxy A5 2016, 18900 XPF, http://localhost/atom-wp/wp-content/uploads/2019/12/display-bis.png, Ecran, "<p>Si vous avez besoin de changer votre écran, vous êtes au bon endroit ! En cas d'écran cassé, d'écran rayé, d'écran qui reste noir alors que le téléphone réagit et est allumé ou à cause d'un simple problème tactile, il vaut mieux réparer son appareil plutôt que de le jeter .</p><h4>Les symptômes de votre Galaxy A5 2016</h4><ul><li>L'écran de votre appareil ne s'allume plus</li><li>L'écran de votre appareil est totalement blanc</li><li>Des tâches noires sont apparues sur l'écran de votre appareil</li><li>Des lignes multicolores couvrent une partie de l'écran de votre appareil</li><li>La vitre tactile de votre appareil ne répond plus</li><li>Certaines zones de votre écran appareil ne sont plus tactiles</li><li>Votre vitre tactile est rayée ou cassée ?</li></ul>" 
2494, Galaxy A5 2016, 16900 XPF, http://localhost/atom-wp/wp-content/uploads/2019/12/motherboard.png, Carte mère, "<p></p><h4>Les symptômes de votre Galaxy A5 2016</h4><ul></ul>" 
2495, Galaxy A5 2016, 6900 XPF, http://localhost/atom-wp/wp-content/uploads/2019/12/battery.png, Batterie, "<p>Vous rêvez de sortir sans devoir emmener votre chargeur par crainte que votre appareil ne tienne pas la journée ? Si l'autonomie est devenue si catastrophique, que la batterie de votre appareil ne charge plus du tout ou qu'elle est gonflée, alors vous avez raison de vouloir passer à l'action.</p><h4>Les symptômes de votre Galaxy A5 2016</h4><ul><li>La batterie de votre appareil ne tient pas la charge</li><li>Le chargement de la batterie de votre appareil est très lent</li><li>La batterie de votre appareil doit rester branchée</li><li>La batterie de votre appareil ne charge plus ou ne s'allume plus</li><li>La batterie de votre appareil est gonflée</li><li>Votre appareil s’éteint sans raison</li><li>Votre appareil a été exposé à une température extrême</li><li>La batterie est HS</li></ul>" 
2496, Galaxy A5 2016, 7900 XPF, http://localhost/atom-wp/wp-content/uploads/2019/12/charging.png, Connecteur de charge, "<p>Vous rencontrez des problèmes de charge sur votre Appareil et cela vous exaspère ' Si vous ne pouvez plus transférer vos données sur votre ordinateur car l'Appareil n'est pas reconnu ou qu'il ne prend plus la charge, posant des soucis d'autonomie alors il y a de fortes chances que cela provienne du connecteur de charge.</p><h4>Les symptômes de votre Galaxy A5 2016</h4><ul><li>Votre appareil ne se charge pas alors qu'il est branché</li><li>L'embout du chargeur ne tient pas dans votre appareil</li><li>Votre appareil n'est plus reconnu par votre ordinateur</li><li> La charge est très lente voir statique.</li></ul>" 
2497, Galaxy S7 Edge, 6900 XPF, http://localhost/atom-wp/wp-content/uploads/2019/12/undefined, Vitre arrière, "<p>Votre Appareil a reçu un mauvais choc ou est tombé et sa vitre arrière s'est fissurée et ne tient plus en place. Cela pose un problème esthétique mais également sur le long terme car elle protège tous les composants internes, alors vous faites bien de vouloir passer à l'action.</p><h4>Les symptômes de votre Galaxy S7 Edge</h4><ul><li>Vitre arrière cassée ou abimée</li><li>Vitre arrière rayée</li></ul>" 
2498, Galaxy S7 Edge, 36900 XPF, http://localhost/atom-wp/wp-content/uploads/2019/12/display.png, Ecran, "<p>Si vous avez besoin de changer votre écran, vous êtes au bon endroit ! En cas d'écran cassé, d'écran rayé, d'écran qui reste noir alors que le téléphone réagit et est allumé ou à cause d'un simple problème tactile, il vaut mieux réparer son appareil plutôt que de le jeter .</p><h4>Les symptômes de votre Galaxy S7 Edge</h4><ul><li>L'écran de votre appareil ne s'allume plus</li><li>L'écran de votre appareil est totalement blanc</li><li>Des tâches noires sont apparues sur l'écran de votre appareil</li><li>Des lignes multicolores couvrent une partie de l'écran de votre appareil</li><li>La vitre tactile de votre appareil ne répond plus</li><li>Certaines zones de votre écran appareil ne sont plus tactiles</li><li>Votre vitre tactile est rayée ou cassée ?</li></ul>" 
2500, Galaxy S7 Edge, 7900 XPF, http://localhost/atom-wp/wp-content/uploads/2019/12/speaker.png, Haut-parleur bas, "<p></p><h4>Les symptômes de votre Galaxy S7 Edge</h4><ul><li>Vous n'avez plus de son lorsque le haut-parleur est activé</li><li>Vos vidéos n'ont plus de son</li><li>Votre appareil ne sonne plus alors que le volume est au maximum.</li></ul>" 
2499, Galaxy S7 Edge, 6900 XPF, http://localhost/atom-wp/wp-content/uploads/2019/12/battery.png, Batterie, "<p>Vous rêvez de sortir sans devoir emmener votre chargeur par crainte que votre appareil ne tienne pas la journée ? Si l'autonomie est devenue si catastrophique, que la batterie de votre appareil ne charge plus du tout ou qu'elle est gonflée, alors vous avez raison de vouloir passer à l'action.</p><h4>Les symptômes de votre Galaxy S7 Edge</h4><ul><li>La batterie de votre appareil ne tient pas la charge</li><li>Le chargement de la batterie de votre appareil est très lent</li><li>La batterie de votre appareil doit rester branchée</li><li>La batterie de votre appareil ne charge plus ou ne s'allume plus</li><li>La batterie de votre appareil est gonflée</li><li>Votre appareil s’éteint sans raison</li><li>Votre appareil a été exposé à une température extrême</li><li>La batterie est HS</li></ul>" 
2502, Galaxy S8 Plus, 8900 XPF, http://localhost/atom-wp/wp-content/uploads/2019/12/battery.png, Batterie, "<p>Vous rêvez de sortir sans devoir emmener votre chargeur par crainte que votre appareil ne tienne pas la journée ? Si l'autonomie est devenue si catastrophique, que la batterie de votre appareil ne charge plus du tout ou qu'elle est gonflée, alors vous avez raison de vouloir passer à l'action.</p><h4>Les symptômes de votre Galaxy S8 Plus</h4><ul><li>La batterie de votre appareil ne tient pas la charge</li><li>Le chargement de la batterie de votre appareil est très lent</li><li>La batterie de votre appareil doit rester branchée</li><li>La batterie de votre appareil ne charge plus ou ne s'allume plus</li><li>La batterie de votre appareil est gonflée</li><li>Votre appareil s’éteint sans raison</li><li>Votre appareil a été exposé à une température extrême</li><li>La batterie est HS</li></ul>" 
2503, Galaxy S8 Plus, 8900 XPF, http://localhost/atom-wp/wp-content/uploads/2019/12/charging.png, Connecteur de charge, "<p>Vous rencontrez des problèmes de charge sur votre Appareil et cela vous exaspère ' Si vous ne pouvez plus transférer vos données sur votre ordinateur car l'Appareil n'est pas reconnu ou qu'il ne prend plus la charge, posant des soucis d'autonomie alors il y a de fortes chances que cela provienne du connecteur de charge.</p><h4>Les symptômes de votre Galaxy S8 Plus</h4><ul><li>Votre appareil ne se charge pas alors qu'il est branché</li><li>L'embout du chargeur ne tient pas dans votre appareil</li><li>Votre appareil n'est plus reconnu par votre ordinateur</li><li> La charge est très lente voir statique.</li></ul>" 
2501, Galaxy S8 Plus, 39900 XPF, http://localhost/atom-wp/wp-content/uploads/2019/12/display.png, Ecran, "<p>Si vous avez besoin de changer votre écran, vous êtes au bon endroit ! En cas d'écran cassé, d'écran rayé, d'écran qui reste noir alors que le téléphone réagit et est allumé ou à cause d'un simple problème tactile, il vaut mieux réparer son appareil plutôt que de le jeter .</p><h4>Les symptômes de votre Galaxy S8 Plus</h4><ul><li>L'écran de votre appareil ne s'allume plus</li><li>L'écran de votre appareil est totalement blanc</li><li>Des tâches noires sont apparues sur l'écran de votre appareil</li><li>Des lignes multicolores couvrent une partie de l'écran de votre appareil</li><li>La vitre tactile de votre appareil ne répond plus</li><li>Certaines zones de votre écran appareil ne sont plus tactiles</li><li>Votre vitre tactile est rayée ou cassée ?</li></ul>" 
2504, Galaxy S5, 6900 XPF, http://localhost/atom-wp/wp-content/uploads/2019/12/photo-camera.png, Caméra avant, "<p>Vous ne pouvez plus prendre de selfies avec votre appareil. Ou l'écran ne se verrouille plus automatiquement lors des appels, déclenchant des applications non désirées à tout instant</p><h4>Les symptômes de votre Galaxy S5</h4><ul><li>Des tâches apparaissent sur les photos prisent avec votre appareil</li><li>Vos photos sont noires</li><li>Vos photos sont floues</li><li>Vous n'arrivez plus à prendre de photos sur votre appareil</li><li>Vous ne pouvez pas démarrer l'application appareil photo</li></ul>" 
2506, Galaxy S5, 6900 XPF, http://localhost/atom-wp/wp-content/uploads/2019/12/charging.png, Connecteur de charge, "<p>Vous rencontrez des problèmes de charge sur votre Appareil et cela vous exaspère ' Si vous ne pouvez plus transférer vos données sur votre ordinateur car l'Appareil n'est pas reconnu ou qu'il ne prend plus la charge, posant des soucis d'autonomie alors il y a de fortes chances que cela provienne du connecteur de charge.</p><h4>Les symptômes de votre Galaxy S5</h4><ul><li>Votre appareil ne se charge pas alors qu'il est branché</li><li>L'embout du chargeur ne tient pas dans votre appareil</li><li>Votre appareil n'est plus reconnu par votre ordinateur</li><li> La charge est très lente voir statique.</li></ul>" 
2507, Galaxy S5, 4500 XPF, http://localhost/atom-wp/wp-content/uploads/2019/12/battery.png, Batterie, "<p>Vous rêvez de sortir sans devoir emmener votre chargeur par crainte que votre appareil ne tienne pas la journée ? Si l'autonomie est devenue si catastrophique, que la batterie de votre appareil ne charge plus du tout ou qu'elle est gonflée, alors vous avez raison de vouloir passer à l'action.</p><h4>Les symptômes de votre Galaxy S5</h4><ul><li>La batterie de votre appareil ne tient pas la charge</li><li>Le chargement de la batterie de votre appareil est très lent</li><li>La batterie de votre appareil doit rester branchée</li><li>La batterie de votre appareil ne charge plus ou ne s'allume plus</li><li>La batterie de votre appareil est gonflée</li><li>Votre appareil s’éteint sans raison</li><li>Votre appareil a été exposé à une température extrême</li><li>La batterie est HS</li></ul>" 
2505, Galaxy S5, 17 900 XPF, http://localhost/atom-wp/wp-content/uploads/2019/12/display.png, Ecran, "<p>Si vous avez besoin de changer votre écran, vous êtes au bon endroit ! En cas d'écran cassé, d'écran rayé, d'écran qui reste noir alors que le téléphone réagit et est allumé ou à cause d'un simple problème tactile, il vaut mieux réparer son appareil plutôt que de le jeter .</p><h4>Les symptômes de votre Galaxy S5</h4><ul><li>L'écran de votre appareil ne s'allume plus</li><li>L'écran de votre appareil est totalement blanc</li><li>Des tâches noires sont apparues sur l'écran de votre appareil</li><li>Des lignes multicolores couvrent une partie de l'écran de votre appareil</li><li>La vitre tactile de votre appareil ne répond plus</li><li>Certaines zones de votre écran appareil ne sont plus tactiles</li><li>Votre vitre tactile est rayée ou cassée ?</li></ul>" 
2508, Galaxy S5, 15900 XPF, http://localhost/atom-wp/wp-content/uploads/2019/12/motherboard.png, Carte mère, "<p></p><h4>Les symptômes de votre Galaxy S5</h4><ul></ul>" 
2509, Galaxy A320, 18900 XPF, http://localhost/atom-wp/wp-content/uploads/2019/12/display.png, Ecran, "<p>Si vous avez besoin de changer votre écran, vous êtes au bon endroit ! En cas d'écran cassé, d'écran rayé, d'écran qui reste noir alors que le téléphone réagit et est allumé ou à cause d'un simple problème tactile, il vaut mieux réparer son appareil plutôt que de le jeter .</p><h4>Les symptômes de votre Galaxy A320</h4><ul><li>L'écran de votre appareil ne s'allume plus</li><li>L'écran de votre appareil est totalement blanc</li><li>Des tâches noires sont apparues sur l'écran de votre appareil</li><li>Des lignes multicolores couvrent une partie de l'écran de votre appareil</li><li>La vitre tactile de votre appareil ne répond plus</li><li>Certaines zones de votre écran appareil ne sont plus tactiles</li><li>Votre vitre tactile est rayée ou cassée ?</li></ul>" 
2510, Galaxy A320, 6900 XPF, http://localhost/atom-wp/wp-content/uploads/2019/12/battery.png, Ecran, "<p>Si vous avez besoin de changer votre écran, vous êtes au bon endroit ! En cas d'écran cassé, d'écran rayé, d'écran qui reste noir alors que le téléphone réagit et est allumé ou à cause d'un simple problème tactile, il vaut mieux réparer son appareil plutôt que de le jeter .</p><h4>Les symptômes de votre Galaxy A320</h4><ul><li>L'écran de votre appareil ne s'allume plus</li><li>L'écran de votre appareil est totalement blanc</li><li>Des tâches noires sont apparues sur l'écran de votre appareil</li><li>Des lignes multicolores couvrent une partie de l'écran de votre appareil</li><li>La vitre tactile de votre appareil ne répond plus</li><li>Certaines zones de votre écran appareil ne sont plus tactiles</li><li>Votre vitre tactile est rayée ou cassée ?</li></ul>" 
2511, Galaxy A320, 5900 XPF, http://localhost/atom-wp/wp-content/uploads/2019/12/home-button.png, Bouton home, "<p>Votre bouton home est capricieux et il vous empêche d'utiliser correctement votre Appareil. Si la pression ne se fait plus sentir et qu'il n'y a plus ce "clic" permettant de fermer vos applications.</p><h4>Les symptômes de votre Galaxy A320</h4><ul><li>Impossible de quitter un application</li><li>Bouton home cassé / abîmé</li><li>Bouton home qui ne répond plus.</li></ul>" 
2512, Galaxy S7, 6900 XPF, http://localhost/atom-wp/wp-content/uploads/2019/12/battery.png, Batterie, "<p>Vous rêvez de sortir sans devoir emmener votre chargeur par crainte que votre appareil ne tienne pas la journée ? Si l'autonomie est devenue si catastrophique, que la batterie de votre appareil ne charge plus du tout ou qu'elle est gonflée, alors vous avez raison de vouloir passer à l'action.</p><h4>Les symptômes de votre Galaxy S7</h4><ul><li>La batterie de votre appareil ne tient pas la charge</li><li>Le chargement de la batterie de votre appareil est très lent</li><li>La batterie de votre appareil doit rester branchée</li><li>La batterie de votre appareil ne charge plus ou ne s'allume plus</li><li>La batterie de votre appareil est gonflée</li><li>Votre appareil s’éteint sans raison</li><li>Votre appareil a été exposé à une température extrême</li><li>La batterie est HS</li></ul>" 
2514, Galaxy S7, 27900 XPF, http://localhost/atom-wp/wp-content/uploads/2019/12/display.png, Ecran, "<p>Si vous avez besoin de changer votre écran, vous êtes au bon endroit ! En cas d'écran cassé, d'écran rayé, d'écran qui reste noir alors que le téléphone réagit et est allumé ou à cause d'un simple problème tactile, il vaut mieux réparer son appareil plutôt que de le jeter .</p><h4>Les symptômes de votre Galaxy S7</h4><ul><li>L'écran de votre appareil ne s'allume plus</li><li>L'écran de votre appareil est totalement blanc</li><li>Des tâches noires sont apparues sur l'écran de votre appareil</li><li>Des lignes multicolores couvrent une partie de l'écran de votre appareil</li><li>La vitre tactile de votre appareil ne répond plus</li><li>Certaines zones de votre écran appareil ne sont plus tactiles</li><li>Votre vitre tactile est rayée ou cassée ?</li></ul>" 
2513, Galaxy S7, 27900 XPF, http://localhost/atom-wp/wp-content/uploads/2019/12/display.png, Ecran, "<p>Si vous avez besoin de changer votre écran, vous êtes au bon endroit ! En cas d'écran cassé, d'écran rayé, d'écran qui reste noir alors que le téléphone réagit et est allumé ou à cause d'un simple problème tactile, il vaut mieux réparer son appareil plutôt que de le jeter .</p><h4>Les symptômes de votre Galaxy S7</h4><ul><li>L'écran de votre appareil ne s'allume plus</li><li>L'écran de votre appareil est totalement blanc</li><li>Des tâches noires sont apparues sur l'écran de votre appareil</li><li>Des lignes multicolores couvrent une partie de l'écran de votre appareil</li><li>La vitre tactile de votre appareil ne répond plus</li><li>Certaines zones de votre écran appareil ne sont plus tactiles</li><li>Votre vitre tactile est rayée ou cassée ?</li></ul>" 
2516, Galaxy J7 Prime, 14900 XPF, http://localhost/atom-wp/wp-content/uploads/2019/12/display-bis.png, Ecran, "<p>Si vous avez besoin de changer votre écran, vous êtes au bon endroit ! En cas d'écran cassé, d'écran rayé, d'écran qui reste noir alors que le téléphone réagit et est allumé ou à cause d'un simple problème tactile, il vaut mieux réparer son appareil plutôt que de le jeter .</p><h4>Les symptômes de votre Galaxy J7 Prime</h4><ul><li>L'écran de votre appareil ne s'allume plus</li><li>L'écran de votre appareil est totalement blanc</li><li>Des tâches noires sont apparues sur l'écran de votre appareil</li><li>Des lignes multicolores couvrent une partie de l'écran de votre appareil</li><li>La vitre tactile de votre appareil ne répond plus</li><li>Certaines zones de votre écran appareil ne sont plus tactiles</li><li>Votre vitre tactile est rayée ou cassée ?</li></ul>" 
2517, Galaxy J7 Prime, 6900 XPF, http://localhost/atom-wp/wp-content/uploads/2019/12/charging.png, Connecteur de charge, "<p>Vous rencontrez des problèmes de charge sur votre Appareil et cela vous exaspère ' Si vous ne pouvez plus transférer vos données sur votre ordinateur car l'Appareil n'est pas reconnu ou qu'il ne prend plus la charge, posant des soucis d'autonomie alors il y a de fortes chances que cela provienne du connecteur de charge.</p><h4>Les symptômes de votre Galaxy J7 Prime</h4><ul><li>Votre appareil ne se charge pas alors qu'il est branché</li><li>L'embout du chargeur ne tient pas dans votre appareil</li><li>Votre appareil n'est plus reconnu par votre ordinateur</li><li> La charge est très lente voir statique.</li></ul>" 
2515, Galaxy J7 Prime, 7900 XPF, http://localhost/atom-wp/wp-content/uploads/2019/12/battery.png, Batterie, "<p>Vous rêvez de sortir sans devoir emmener votre chargeur par crainte que votre appareil ne tienne pas la journée ? Si l'autonomie est devenue si catastrophique, que la batterie de votre appareil ne charge plus du tout ou qu'elle est gonflée, alors vous avez raison de vouloir passer à l'action.</p><h4>Les symptômes de votre Galaxy J7 Prime</h4><ul><li>La batterie de votre appareil ne tient pas la charge</li><li>Le chargement de la batterie de votre appareil est très lent</li><li>La batterie de votre appareil doit rester branchée</li><li>La batterie de votre appareil ne charge plus ou ne s'allume plus</li><li>La batterie de votre appareil est gonflée</li><li>Votre appareil s’éteint sans raison</li><li>Votre appareil a été exposé à une température extrême</li><li>La batterie est HS</li></ul>" 
2520, Galaxy S4, 3500 XPF, http://localhost/atom-wp/wp-content/uploads/2019/12/battery.png, Batterie, "<p>Vous rêvez de sortir sans devoir emmener votre chargeur par crainte que votre appareil ne tienne pas la journée ? Si l'autonomie est devenue si catastrophique, que la batterie de votre appareil ne charge plus du tout ou qu'elle est gonflée, alors vous avez raison de vouloir passer à l'action.</p><h4>Les symptômes de votre Galaxy S4</h4><ul><li>La batterie de votre appareil ne tient pas la charge</li><li>Le chargement de la batterie de votre appareil est très lent</li><li>La batterie de votre appareil doit rester branchée</li><li>La batterie de votre appareil ne charge plus ou ne s'allume plus</li><li>La batterie de votre appareil est gonflée</li><li>Votre appareil s’éteint sans raison</li><li>Votre appareil a été exposé à une température extrême</li><li>La batterie est HS</li></ul>" 
2519, Galaxy S4, 16900 XPF, http://localhost/atom-wp/wp-content/uploads/2019/12/display.png, Ecran, "<p>Si vous avez besoin de changer votre écran, vous êtes au bon endroit ! En cas d'écran cassé, d'écran rayé, d'écran qui reste noir alors que le téléphone réagit et est allumé ou à cause d'un simple problème tactile, il vaut mieux réparer son appareil plutôt que de le jeter .</p><h4>Les symptômes de votre Galaxy S4</h4><ul><li>L'écran de votre appareil ne s'allume plus</li><li>L'écran de votre appareil est totalement blanc</li><li>Des tâches noires sont apparues sur l'écran de votre appareil</li><li>Des lignes multicolores couvrent une partie de l'écran de votre appareil</li><li>La vitre tactile de votre appareil ne répond plus</li><li>Certaines zones de votre écran appareil ne sont plus tactiles</li><li>Votre vitre tactile est rayée ou cassée ?</li></ul>" 
2521, Galaxy S4, 14900 XPF, http://localhost/atom-wp/wp-content/uploads/2019/12/motherboard.png, Carte mère, "<p></p><h4>Les symptômes de votre Galaxy S4</h4><ul></ul>" 
2518, Galaxy S4, 6900 XPF, http://localhost/atom-wp/wp-content/uploads/2019/12/photo-camera.png, Caméra avant, "<p>Vous ne pouvez plus prendre de selfies avec votre appareil. Ou l'écran ne se verrouille plus automatiquement lors des appels, déclenchant des applications non désirées à tout instant</p><h4>Les symptômes de votre Galaxy S4</h4><ul><li>Des tâches apparaissent sur les photos prisent avec votre appareil</li><li>Vos photos sont noires</li><li>Vos photos sont floues</li><li>Vous n'arrivez plus à prendre de photos sur votre appareil</li><li>Vous ne pouvez pas démarrer l'application appareil photo</li></ul>" 
